
 Number of wires and basis functions: 1	5631
 Drucik nr 1
1	0	0	-12.4956
2	0	0	-12.4911
3	0	0	-12.4867
4	0	0	-12.4822
5	0	0	-12.4778
6	0	0	-12.4734
7	0	0	-12.4689
8	0	0	-12.4645
9	0	0	-12.46
10	0	0	-12.4556
11	0	0	-12.4512
12	0	0	-12.4467
13	0	0	-12.4423
14	0	0	-12.4379
15	0	0	-12.4334
16	0	0	-12.429
17	0	0	-12.4245
18	0	0	-12.4201
19	0	0	-12.4157
20	0	0	-12.4112
21	0	0	-12.4068
22	0	0	-12.4023
23	0	0	-12.3979
24	0	0	-12.3935
25	0	0	-12.389
26	0	0	-12.3846
27	0	0	-12.3801
28	0	0	-12.3757
29	0	0	-12.3713
30	0	0	-12.3668
31	0	0	-12.3624
32	0	0	-12.358
33	0	0	-12.3535
34	0	0	-12.3491
35	0	0	-12.3446
36	0	0	-12.3402
37	0	0	-12.3358
38	0	0	-12.3313
39	0	0	-12.3269
40	0	0	-12.3224
41	0	0	-12.318
42	0	0	-12.3136
43	0	0	-12.3091
44	0	0	-12.3047
45	0	0	-12.3002
46	0	0	-12.2958
47	0	0	-12.2914
48	0	0	-12.2869
49	0	0	-12.2825
50	0	0	-12.2781
51	0	0	-12.2736
52	0	0	-12.2692
53	0	0	-12.2647
54	0	0	-12.2603
55	0	0	-12.2559
56	0	0	-12.2514
57	0	0	-12.247
58	0	0	-12.2425
59	0	0	-12.2381
60	0	0	-12.2337
61	0	0	-12.2292
62	0	0	-12.2248
63	0	0	-12.2203
64	0	0	-12.2159
65	0	0	-12.2115
66	0	0	-12.207
67	0	0	-12.2026
68	0	0	-12.1982
69	0	0	-12.1937
70	0	0	-12.1893
71	0	0	-12.1848
72	0	0	-12.1804
73	0	0	-12.176
74	0	0	-12.1715
75	0	0	-12.1671
76	0	0	-12.1626
77	0	0	-12.1582
78	0	0	-12.1538
79	0	0	-12.1493
80	0	0	-12.1449
81	0	0	-12.1404
82	0	0	-12.136
83	0	0	-12.1316
84	0	0	-12.1271
85	0	0	-12.1227
86	0	0	-12.1183
87	0	0	-12.1138
88	0	0	-12.1094
89	0	0	-12.1049
90	0	0	-12.1005
91	0	0	-12.0961
92	0	0	-12.0916
93	0	0	-12.0872
94	0	0	-12.0827
95	0	0	-12.0783
96	0	0	-12.0739
97	0	0	-12.0694
98	0	0	-12.065
99	0	0	-12.0605
100	0	0	-12.0561
101	0	0	-12.0517
102	0	0	-12.0472
103	0	0	-12.0428
104	0	0	-12.0384
105	0	0	-12.0339
106	0	0	-12.0295
107	0	0	-12.025
108	0	0	-12.0206
109	0	0	-12.0162
110	0	0	-12.0117
111	0	0	-12.0073
112	0	0	-12.0028
113	0	0	-11.9984
114	0	0	-11.994
115	0	0	-11.9895
116	0	0	-11.9851
117	0	0	-11.9806
118	0	0	-11.9762
119	0	0	-11.9718
120	0	0	-11.9673
121	0	0	-11.9629
122	0	0	-11.9585
123	0	0	-11.954
124	0	0	-11.9496
125	0	0	-11.9451
126	0	0	-11.9407
127	0	0	-11.9363
128	0	0	-11.9318
129	0	0	-11.9274
130	0	0	-11.9229
131	0	0	-11.9185
132	0	0	-11.9141
133	0	0	-11.9096
134	0	0	-11.9052
135	0	0	-11.9007
136	0	0	-11.8963
137	0	0	-11.8919
138	0	0	-11.8874
139	0	0	-11.883
140	0	0	-11.8786
141	0	0	-11.8741
142	0	0	-11.8697
143	0	0	-11.8652
144	0	0	-11.8608
145	0	0	-11.8564
146	0	0	-11.8519
147	0	0	-11.8475
148	0	0	-11.843
149	0	0	-11.8386
150	0	0	-11.8342
151	0	0	-11.8297
152	0	0	-11.8253
153	0	0	-11.8208
154	0	0	-11.8164
155	0	0	-11.812
156	0	0	-11.8075
157	0	0	-11.8031
158	0	0	-11.7987
159	0	0	-11.7942
160	0	0	-11.7898
161	0	0	-11.7853
162	0	0	-11.7809
163	0	0	-11.7765
164	0	0	-11.772
165	0	0	-11.7676
166	0	0	-11.7631
167	0	0	-11.7587
168	0	0	-11.7543
169	0	0	-11.7498
170	0	0	-11.7454
171	0	0	-11.7409
172	0	0	-11.7365
173	0	0	-11.7321
174	0	0	-11.7276
175	0	0	-11.7232
176	0	0	-11.7188
177	0	0	-11.7143
178	0	0	-11.7099
179	0	0	-11.7054
180	0	0	-11.701
181	0	0	-11.6966
182	0	0	-11.6921
183	0	0	-11.6877
184	0	0	-11.6832
185	0	0	-11.6788
186	0	0	-11.6744
187	0	0	-11.6699
188	0	0	-11.6655
189	0	0	-11.661
190	0	0	-11.6566
191	0	0	-11.6522
192	0	0	-11.6477
193	0	0	-11.6433
194	0	0	-11.6388
195	0	0	-11.6344
196	0	0	-11.63
197	0	0	-11.6255
198	0	0	-11.6211
199	0	0	-11.6167
200	0	0	-11.6122
201	0	0	-11.6078
202	0	0	-11.6033
203	0	0	-11.5989
204	0	0	-11.5945
205	0	0	-11.59
206	0	0	-11.5856
207	0	0	-11.5811
208	0	0	-11.5767
209	0	0	-11.5723
210	0	0	-11.5678
211	0	0	-11.5634
212	0	0	-11.5589
213	0	0	-11.5545
214	0	0	-11.5501
215	0	0	-11.5456
216	0	0	-11.5412
217	0	0	-11.5368
218	0	0	-11.5323
219	0	0	-11.5279
220	0	0	-11.5234
221	0	0	-11.519
222	0	0	-11.5146
223	0	0	-11.5101
224	0	0	-11.5057
225	0	0	-11.5012
226	0	0	-11.4968
227	0	0	-11.4924
228	0	0	-11.4879
229	0	0	-11.4835
230	0	0	-11.479
231	0	0	-11.4746
232	0	0	-11.4702
233	0	0	-11.4657
234	0	0	-11.4613
235	0	0	-11.4569
236	0	0	-11.4524
237	0	0	-11.448
238	0	0	-11.4435
239	0	0	-11.4391
240	0	0	-11.4347
241	0	0	-11.4302
242	0	0	-11.4258
243	0	0	-11.4213
244	0	0	-11.4169
245	0	0	-11.4125
246	0	0	-11.408
247	0	0	-11.4036
248	0	0	-11.3991
249	0	0	-11.3947
250	0	0	-11.3903
251	0	0	-11.3858
252	0	0	-11.3814
253	0	0	-11.377
254	0	0	-11.3725
255	0	0	-11.3681
256	0	0	-11.3636
257	0	0	-11.3592
258	0	0	-11.3548
259	0	0	-11.3503
260	0	0	-11.3459
261	0	0	-11.3414
262	0	0	-11.337
263	0	0	-11.3326
264	0	0	-11.3281
265	0	0	-11.3237
266	0	0	-11.3192
267	0	0	-11.3148
268	0	0	-11.3104
269	0	0	-11.3059
270	0	0	-11.3015
271	0	0	-11.2971
272	0	0	-11.2926
273	0	0	-11.2882
274	0	0	-11.2837
275	0	0	-11.2793
276	0	0	-11.2749
277	0	0	-11.2704
278	0	0	-11.266
279	0	0	-11.2615
280	0	0	-11.2571
281	0	0	-11.2527
282	0	0	-11.2482
283	0	0	-11.2438
284	0	0	-11.2393
285	0	0	-11.2349
286	0	0	-11.2305
287	0	0	-11.226
288	0	0	-11.2216
289	0	0	-11.2172
290	0	0	-11.2127
291	0	0	-11.2083
292	0	0	-11.2038
293	0	0	-11.1994
294	0	0	-11.195
295	0	0	-11.1905
296	0	0	-11.1861
297	0	0	-11.1816
298	0	0	-11.1772
299	0	0	-11.1728
300	0	0	-11.1683
301	0	0	-11.1639
302	0	0	-11.1594
303	0	0	-11.155
304	0	0	-11.1506
305	0	0	-11.1461
306	0	0	-11.1417
307	0	0	-11.1373
308	0	0	-11.1328
309	0	0	-11.1284
310	0	0	-11.1239
311	0	0	-11.1195
312	0	0	-11.1151
313	0	0	-11.1106
314	0	0	-11.1062
315	0	0	-11.1017
316	0	0	-11.0973
317	0	0	-11.0929
318	0	0	-11.0884
319	0	0	-11.084
320	0	0	-11.0795
321	0	0	-11.0751
322	0	0	-11.0707
323	0	0	-11.0662
324	0	0	-11.0618
325	0	0	-11.0574
326	0	0	-11.0529
327	0	0	-11.0485
328	0	0	-11.044
329	0	0	-11.0396
330	0	0	-11.0352
331	0	0	-11.0307
332	0	0	-11.0263
333	0	0	-11.0218
334	0	0	-11.0174
335	0	0	-11.013
336	0	0	-11.0085
337	0	0	-11.0041
338	0	0	-10.9996
339	0	0	-10.9952
340	0	0	-10.9908
341	0	0	-10.9863
342	0	0	-10.9819
343	0	0	-10.9775
344	0	0	-10.973
345	0	0	-10.9686
346	0	0	-10.9641
347	0	0	-10.9597
348	0	0	-10.9553
349	0	0	-10.9508
350	0	0	-10.9464
351	0	0	-10.9419
352	0	0	-10.9375
353	0	0	-10.9331
354	0	0	-10.9286
355	0	0	-10.9242
356	0	0	-10.9197
357	0	0	-10.9153
358	0	0	-10.9109
359	0	0	-10.9064
360	0	0	-10.902
361	0	0	-10.8975
362	0	0	-10.8931
363	0	0	-10.8887
364	0	0	-10.8842
365	0	0	-10.8798
366	0	0	-10.8754
367	0	0	-10.8709
368	0	0	-10.8665
369	0	0	-10.862
370	0	0	-10.8576
371	0	0	-10.8532
372	0	0	-10.8487
373	0	0	-10.8443
374	0	0	-10.8398
375	0	0	-10.8354
376	0	0	-10.831
377	0	0	-10.8265
378	0	0	-10.8221
379	0	0	-10.8176
380	0	0	-10.8132
381	0	0	-10.8088
382	0	0	-10.8043
383	0	0	-10.7999
384	0	0	-10.7955
385	0	0	-10.791
386	0	0	-10.7866
387	0	0	-10.7821
388	0	0	-10.7777
389	0	0	-10.7733
390	0	0	-10.7688
391	0	0	-10.7644
392	0	0	-10.7599
393	0	0	-10.7555
394	0	0	-10.7511
395	0	0	-10.7466
396	0	0	-10.7422
397	0	0	-10.7377
398	0	0	-10.7333
399	0	0	-10.7289
400	0	0	-10.7244
401	0	0	-10.72
402	0	0	-10.7156
403	0	0	-10.7111
404	0	0	-10.7067
405	0	0	-10.7022
406	0	0	-10.6978
407	0	0	-10.6934
408	0	0	-10.6889
409	0	0	-10.6845
410	0	0	-10.68
411	0	0	-10.6756
412	0	0	-10.6712
413	0	0	-10.6667
414	0	0	-10.6623
415	0	0	-10.6578
416	0	0	-10.6534
417	0	0	-10.649
418	0	0	-10.6445
419	0	0	-10.6401
420	0	0	-10.6357
421	0	0	-10.6312
422	0	0	-10.6268
423	0	0	-10.6223
424	0	0	-10.6179
425	0	0	-10.6135
426	0	0	-10.609
427	0	0	-10.6046
428	0	0	-10.6001
429	0	0	-10.5957
430	0	0	-10.5913
431	0	0	-10.5868
432	0	0	-10.5824
433	0	0	-10.5779
434	0	0	-10.5735
435	0	0	-10.5691
436	0	0	-10.5646
437	0	0	-10.5602
438	0	0	-10.5558
439	0	0	-10.5513
440	0	0	-10.5469
441	0	0	-10.5424
442	0	0	-10.538
443	0	0	-10.5336
444	0	0	-10.5291
445	0	0	-10.5247
446	0	0	-10.5202
447	0	0	-10.5158
448	0	0	-10.5114
449	0	0	-10.5069
450	0	0	-10.5025
451	0	0	-10.498
452	0	0	-10.4936
453	0	0	-10.4892
454	0	0	-10.4847
455	0	0	-10.4803
456	0	0	-10.4759
457	0	0	-10.4714
458	0	0	-10.467
459	0	0	-10.4625
460	0	0	-10.4581
461	0	0	-10.4537
462	0	0	-10.4492
463	0	0	-10.4448
464	0	0	-10.4403
465	0	0	-10.4359
466	0	0	-10.4315
467	0	0	-10.427
468	0	0	-10.4226
469	0	0	-10.4181
470	0	0	-10.4137
471	0	0	-10.4093
472	0	0	-10.4048
473	0	0	-10.4004
474	0	0	-10.396
475	0	0	-10.3915
476	0	0	-10.3871
477	0	0	-10.3826
478	0	0	-10.3782
479	0	0	-10.3738
480	0	0	-10.3693
481	0	0	-10.3649
482	0	0	-10.3604
483	0	0	-10.356
484	0	0	-10.3516
485	0	0	-10.3471
486	0	0	-10.3427
487	0	0	-10.3382
488	0	0	-10.3338
489	0	0	-10.3294
490	0	0	-10.3249
491	0	0	-10.3205
492	0	0	-10.3161
493	0	0	-10.3116
494	0	0	-10.3072
495	0	0	-10.3027
496	0	0	-10.2983
497	0	0	-10.2939
498	0	0	-10.2894
499	0	0	-10.285
500	0	0	-10.2805
501	0	0	-10.2761
502	0	0	-10.2717
503	0	0	-10.2672
504	0	0	-10.2628
505	0	0	-10.2583
506	0	0	-10.2539
507	0	0	-10.2495
508	0	0	-10.245
509	0	0	-10.2406
510	0	0	-10.2362
511	0	0	-10.2317
512	0	0	-10.2273
513	0	0	-10.2228
514	0	0	-10.2184
515	0	0	-10.214
516	0	0	-10.2095
517	0	0	-10.2051
518	0	0	-10.2006
519	0	0	-10.1962
520	0	0	-10.1918
521	0	0	-10.1873
522	0	0	-10.1829
523	0	0	-10.1784
524	0	0	-10.174
525	0	0	-10.1696
526	0	0	-10.1651
527	0	0	-10.1607
528	0	0	-10.1562
529	0	0	-10.1518
530	0	0	-10.1474
531	0	0	-10.1429
532	0	0	-10.1385
533	0	0	-10.1341
534	0	0	-10.1296
535	0	0	-10.1252
536	0	0	-10.1207
537	0	0	-10.1163
538	0	0	-10.1119
539	0	0	-10.1074
540	0	0	-10.103
541	0	0	-10.0985
542	0	0	-10.0941
543	0	0	-10.0897
544	0	0	-10.0852
545	0	0	-10.0808
546	0	0	-10.0763
547	0	0	-10.0719
548	0	0	-10.0675
549	0	0	-10.063
550	0	0	-10.0586
551	0	0	-10.0542
552	0	0	-10.0497
553	0	0	-10.0453
554	0	0	-10.0408
555	0	0	-10.0364
556	0	0	-10.032
557	0	0	-10.0275
558	0	0	-10.0231
559	0	0	-10.0186
560	0	0	-10.0142
561	0	0	-10.0098
562	0	0	-10.0053
563	0	0	-10.0009
564	0	0	-9.99645
565	0	0	-9.99201
566	0	0	-9.98757
567	0	0	-9.98313
568	0	0	-9.97869
569	0	0	-9.97425
570	0	0	-9.96982
571	0	0	-9.96538
572	0	0	-9.96094
573	0	0	-9.9565
574	0	0	-9.95206
575	0	0	-9.94762
576	0	0	-9.94318
577	0	0	-9.93874
578	0	0	-9.9343
579	0	0	-9.92986
580	0	0	-9.92543
581	0	0	-9.92099
582	0	0	-9.91655
583	0	0	-9.91211
584	0	0	-9.90767
585	0	0	-9.90323
586	0	0	-9.89879
587	0	0	-9.89435
588	0	0	-9.88991
589	0	0	-9.88548
590	0	0	-9.88104
591	0	0	-9.8766
592	0	0	-9.87216
593	0	0	-9.86772
594	0	0	-9.86328
595	0	0	-9.85884
596	0	0	-9.8544
597	0	0	-9.84996
598	0	0	-9.84553
599	0	0	-9.84109
600	0	0	-9.83665
601	0	0	-9.83221
602	0	0	-9.82777
603	0	0	-9.82333
604	0	0	-9.81889
605	0	0	-9.81445
606	0	0	-9.81001
607	0	0	-9.80558
608	0	0	-9.80114
609	0	0	-9.7967
610	0	0	-9.79226
611	0	0	-9.78782
612	0	0	-9.78338
613	0	0	-9.77894
614	0	0	-9.7745
615	0	0	-9.77006
616	0	0	-9.76562
617	0	0	-9.76119
618	0	0	-9.75675
619	0	0	-9.75231
620	0	0	-9.74787
621	0	0	-9.74343
622	0	0	-9.73899
623	0	0	-9.73455
624	0	0	-9.73011
625	0	0	-9.72567
626	0	0	-9.72124
627	0	0	-9.7168
628	0	0	-9.71236
629	0	0	-9.70792
630	0	0	-9.70348
631	0	0	-9.69904
632	0	0	-9.6946
633	0	0	-9.69016
634	0	0	-9.68572
635	0	0	-9.68129
636	0	0	-9.67685
637	0	0	-9.67241
638	0	0	-9.66797
639	0	0	-9.66353
640	0	0	-9.65909
641	0	0	-9.65465
642	0	0	-9.65021
643	0	0	-9.64577
644	0	0	-9.64134
645	0	0	-9.6369
646	0	0	-9.63246
647	0	0	-9.62802
648	0	0	-9.62358
649	0	0	-9.61914
650	0	0	-9.6147
651	0	0	-9.61026
652	0	0	-9.60582
653	0	0	-9.60139
654	0	0	-9.59695
655	0	0	-9.59251
656	0	0	-9.58807
657	0	0	-9.58363
658	0	0	-9.57919
659	0	0	-9.57475
660	0	0	-9.57031
661	0	0	-9.56587
662	0	0	-9.56143
663	0	0	-9.557
664	0	0	-9.55256
665	0	0	-9.54812
666	0	0	-9.54368
667	0	0	-9.53924
668	0	0	-9.5348
669	0	0	-9.53036
670	0	0	-9.52592
671	0	0	-9.52148
672	0	0	-9.51705
673	0	0	-9.51261
674	0	0	-9.50817
675	0	0	-9.50373
676	0	0	-9.49929
677	0	0	-9.49485
678	0	0	-9.49041
679	0	0	-9.48597
680	0	0	-9.48153
681	0	0	-9.47709
682	0	0	-9.47266
683	0	0	-9.46822
684	0	0	-9.46378
685	0	0	-9.45934
686	0	0	-9.4549
687	0	0	-9.45046
688	0	0	-9.44602
689	0	0	-9.44158
690	0	0	-9.43715
691	0	0	-9.43271
692	0	0	-9.42827
693	0	0	-9.42383
694	0	0	-9.41939
695	0	0	-9.41495
696	0	0	-9.41051
697	0	0	-9.40607
698	0	0	-9.40163
699	0	0	-9.39719
700	0	0	-9.39276
701	0	0	-9.38832
702	0	0	-9.38388
703	0	0	-9.37944
704	0	0	-9.375
705	0	0	-9.37056
706	0	0	-9.36612
707	0	0	-9.36168
708	0	0	-9.35724
709	0	0	-9.35281
710	0	0	-9.34837
711	0	0	-9.34393
712	0	0	-9.33949
713	0	0	-9.33505
714	0	0	-9.33061
715	0	0	-9.32617
716	0	0	-9.32173
717	0	0	-9.31729
718	0	0	-9.31285
719	0	0	-9.30842
720	0	0	-9.30398
721	0	0	-9.29954
722	0	0	-9.2951
723	0	0	-9.29066
724	0	0	-9.28622
725	0	0	-9.28178
726	0	0	-9.27734
727	0	0	-9.27291
728	0	0	-9.26847
729	0	0	-9.26403
730	0	0	-9.25959
731	0	0	-9.25515
732	0	0	-9.25071
733	0	0	-9.24627
734	0	0	-9.24183
735	0	0	-9.23739
736	0	0	-9.23295
737	0	0	-9.22852
738	0	0	-9.22408
739	0	0	-9.21964
740	0	0	-9.2152
741	0	0	-9.21076
742	0	0	-9.20632
743	0	0	-9.20188
744	0	0	-9.19744
745	0	0	-9.193
746	0	0	-9.18857
747	0	0	-9.18413
748	0	0	-9.17969
749	0	0	-9.17525
750	0	0	-9.17081
751	0	0	-9.16637
752	0	0	-9.16193
753	0	0	-9.15749
754	0	0	-9.15305
755	0	0	-9.14861
756	0	0	-9.14418
757	0	0	-9.13974
758	0	0	-9.1353
759	0	0	-9.13086
760	0	0	-9.12642
761	0	0	-9.12198
762	0	0	-9.11754
763	0	0	-9.1131
764	0	0	-9.10866
765	0	0	-9.10423
766	0	0	-9.09979
767	0	0	-9.09535
768	0	0	-9.09091
769	0	0	-9.08647
770	0	0	-9.08203
771	0	0	-9.07759
772	0	0	-9.07315
773	0	0	-9.06871
774	0	0	-9.06428
775	0	0	-9.05984
776	0	0	-9.0554
777	0	0	-9.05096
778	0	0	-9.04652
779	0	0	-9.04208
780	0	0	-9.03764
781	0	0	-9.0332
782	0	0	-9.02876
783	0	0	-9.02433
784	0	0	-9.01989
785	0	0	-9.01545
786	0	0	-9.01101
787	0	0	-9.00657
788	0	0	-9.00213
789	0	0	-8.99769
790	0	0	-8.99325
791	0	0	-8.98881
792	0	0	-8.98438
793	0	0	-8.97994
794	0	0	-8.9755
795	0	0	-8.97106
796	0	0	-8.96662
797	0	0	-8.96218
798	0	0	-8.95774
799	0	0	-8.9533
800	0	0	-8.94886
801	0	0	-8.94442
802	0	0	-8.93999
803	0	0	-8.93555
804	0	0	-8.93111
805	0	0	-8.92667
806	0	0	-8.92223
807	0	0	-8.91779
808	0	0	-8.91335
809	0	0	-8.90891
810	0	0	-8.90447
811	0	0	-8.90004
812	0	0	-8.8956
813	0	0	-8.89116
814	0	0	-8.88672
815	0	0	-8.88228
816	0	0	-8.87784
817	0	0	-8.8734
818	0	0	-8.86896
819	0	0	-8.86452
820	0	0	-8.86009
821	0	0	-8.85565
822	0	0	-8.85121
823	0	0	-8.84677
824	0	0	-8.84233
825	0	0	-8.83789
826	0	0	-8.83345
827	0	0	-8.82901
828	0	0	-8.82457
829	0	0	-8.82014
830	0	0	-8.8157
831	0	0	-8.81126
832	0	0	-8.80682
833	0	0	-8.80238
834	0	0	-8.79794
835	0	0	-8.7935
836	0	0	-8.78906
837	0	0	-8.78462
838	0	0	-8.78018
839	0	0	-8.77575
840	0	0	-8.77131
841	0	0	-8.76687
842	0	0	-8.76243
843	0	0	-8.75799
844	0	0	-8.75355
845	0	0	-8.74911
846	0	0	-8.74467
847	0	0	-8.74023
848	0	0	-8.7358
849	0	0	-8.73136
850	0	0	-8.72692
851	0	0	-8.72248
852	0	0	-8.71804
853	0	0	-8.7136
854	0	0	-8.70916
855	0	0	-8.70472
856	0	0	-8.70028
857	0	0	-8.69584
858	0	0	-8.69141
859	0	0	-8.68697
860	0	0	-8.68253
861	0	0	-8.67809
862	0	0	-8.67365
863	0	0	-8.66921
864	0	0	-8.66477
865	0	0	-8.66033
866	0	0	-8.6559
867	0	0	-8.65146
868	0	0	-8.64702
869	0	0	-8.64258
870	0	0	-8.63814
871	0	0	-8.6337
872	0	0	-8.62926
873	0	0	-8.62482
874	0	0	-8.62038
875	0	0	-8.61594
876	0	0	-8.61151
877	0	0	-8.60707
878	0	0	-8.60263
879	0	0	-8.59819
880	0	0	-8.59375
881	0	0	-8.58931
882	0	0	-8.58487
883	0	0	-8.58043
884	0	0	-8.57599
885	0	0	-8.57156
886	0	0	-8.56712
887	0	0	-8.56268
888	0	0	-8.55824
889	0	0	-8.5538
890	0	0	-8.54936
891	0	0	-8.54492
892	0	0	-8.54048
893	0	0	-8.53604
894	0	0	-8.5316
895	0	0	-8.52717
896	0	0	-8.52273
897	0	0	-8.51829
898	0	0	-8.51385
899	0	0	-8.50941
900	0	0	-8.50497
901	0	0	-8.50053
902	0	0	-8.49609
903	0	0	-8.49166
904	0	0	-8.48722
905	0	0	-8.48278
906	0	0	-8.47834
907	0	0	-8.4739
908	0	0	-8.46946
909	0	0	-8.46502
910	0	0	-8.46058
911	0	0	-8.45614
912	0	0	-8.4517
913	0	0	-8.44727
914	0	0	-8.44283
915	0	0	-8.43839
916	0	0	-8.43395
917	0	0	-8.42951
918	0	0	-8.42507
919	0	0	-8.42063
920	0	0	-8.41619
921	0	0	-8.41175
922	0	0	-8.40732
923	0	0	-8.40288
924	0	0	-8.39844
925	0	0	-8.394
926	0	0	-8.38956
927	0	0	-8.38512
928	0	0	-8.38068
929	0	0	-8.37624
930	0	0	-8.3718
931	0	0	-8.36736
932	0	0	-8.36293
933	0	0	-8.35849
934	0	0	-8.35405
935	0	0	-8.34961
936	0	0	-8.34517
937	0	0	-8.34073
938	0	0	-8.33629
939	0	0	-8.33185
940	0	0	-8.32742
941	0	0	-8.32298
942	0	0	-8.31854
943	0	0	-8.3141
944	0	0	-8.30966
945	0	0	-8.30522
946	0	0	-8.30078
947	0	0	-8.29634
948	0	0	-8.2919
949	0	0	-8.28746
950	0	0	-8.28303
951	0	0	-8.27859
952	0	0	-8.27415
953	0	0	-8.26971
954	0	0	-8.26527
955	0	0	-8.26083
956	0	0	-8.25639
957	0	0	-8.25195
958	0	0	-8.24751
959	0	0	-8.24308
960	0	0	-8.23864
961	0	0	-8.2342
962	0	0	-8.22976
963	0	0	-8.22532
964	0	0	-8.22088
965	0	0	-8.21644
966	0	0	-8.212
967	0	0	-8.20756
968	0	0	-8.20312
969	0	0	-8.19869
970	0	0	-8.19425
971	0	0	-8.18981
972	0	0	-8.18537
973	0	0	-8.18093
974	0	0	-8.17649
975	0	0	-8.17205
976	0	0	-8.16761
977	0	0	-8.16317
978	0	0	-8.15874
979	0	0	-8.1543
980	0	0	-8.14986
981	0	0	-8.14542
982	0	0	-8.14098
983	0	0	-8.13654
984	0	0	-8.1321
985	0	0	-8.12766
986	0	0	-8.12322
987	0	0	-8.11879
988	0	0	-8.11435
989	0	0	-8.10991
990	0	0	-8.10547
991	0	0	-8.10103
992	0	0	-8.09659
993	0	0	-8.09215
994	0	0	-8.08771
995	0	0	-8.08327
996	0	0	-8.07884
997	0	0	-8.0744
998	0	0	-8.06996
999	0	0	-8.06552
1000	0	0	-8.06108
1001	0	0	-8.05664
1002	0	0	-8.0522
1003	0	0	-8.04776
1004	0	0	-8.04332
1005	0	0	-8.03889
1006	0	0	-8.03445
1007	0	0	-8.03001
1008	0	0	-8.02557
1009	0	0	-8.02113
1010	0	0	-8.01669
1011	0	0	-8.01225
1012	0	0	-8.00781
1013	0	0	-8.00337
1014	0	0	-7.99893
1015	0	0	-7.9945
1016	0	0	-7.99006
1017	0	0	-7.98562
1018	0	0	-7.98118
1019	0	0	-7.97674
1020	0	0	-7.9723
1021	0	0	-7.96786
1022	0	0	-7.96342
1023	0	0	-7.95898
1024	0	0	-7.95455
1025	0	0	-7.95011
1026	0	0	-7.94567
1027	0	0	-7.94123
1028	0	0	-7.93679
1029	0	0	-7.93235
1030	0	0	-7.92791
1031	0	0	-7.92347
1032	0	0	-7.91903
1033	0	0	-7.9146
1034	0	0	-7.91016
1035	0	0	-7.90572
1036	0	0	-7.90128
1037	0	0	-7.89684
1038	0	0	-7.8924
1039	0	0	-7.88796
1040	0	0	-7.88352
1041	0	0	-7.87908
1042	0	0	-7.87464
1043	0	0	-7.87021
1044	0	0	-7.86577
1045	0	0	-7.86133
1046	0	0	-7.85689
1047	0	0	-7.85245
1048	0	0	-7.84801
1049	0	0	-7.84357
1050	0	0	-7.83913
1051	0	0	-7.83469
1052	0	0	-7.83026
1053	0	0	-7.82582
1054	0	0	-7.82138
1055	0	0	-7.81694
1056	0	0	-7.8125
1057	0	0	-7.80806
1058	0	0	-7.80362
1059	0	0	-7.79918
1060	0	0	-7.79474
1061	0	0	-7.79031
1062	0	0	-7.78587
1063	0	0	-7.78143
1064	0	0	-7.77699
1065	0	0	-7.77255
1066	0	0	-7.76811
1067	0	0	-7.76367
1068	0	0	-7.75923
1069	0	0	-7.75479
1070	0	0	-7.75036
1071	0	0	-7.74592
1072	0	0	-7.74148
1073	0	0	-7.73704
1074	0	0	-7.7326
1075	0	0	-7.72816
1076	0	0	-7.72372
1077	0	0	-7.71928
1078	0	0	-7.71484
1079	0	0	-7.7104
1080	0	0	-7.70597
1081	0	0	-7.70153
1082	0	0	-7.69709
1083	0	0	-7.69265
1084	0	0	-7.68821
1085	0	0	-7.68377
1086	0	0	-7.67933
1087	0	0	-7.67489
1088	0	0	-7.67045
1089	0	0	-7.66602
1090	0	0	-7.66158
1091	0	0	-7.65714
1092	0	0	-7.6527
1093	0	0	-7.64826
1094	0	0	-7.64382
1095	0	0	-7.63938
1096	0	0	-7.63494
1097	0	0	-7.6305
1098	0	0	-7.62607
1099	0	0	-7.62163
1100	0	0	-7.61719
1101	0	0	-7.61275
1102	0	0	-7.60831
1103	0	0	-7.60387
1104	0	0	-7.59943
1105	0	0	-7.59499
1106	0	0	-7.59055
1107	0	0	-7.58611
1108	0	0	-7.58168
1109	0	0	-7.57724
1110	0	0	-7.5728
1111	0	0	-7.56836
1112	0	0	-7.56392
1113	0	0	-7.55948
1114	0	0	-7.55504
1115	0	0	-7.5506
1116	0	0	-7.54616
1117	0	0	-7.54173
1118	0	0	-7.53729
1119	0	0	-7.53285
1120	0	0	-7.52841
1121	0	0	-7.52397
1122	0	0	-7.51953
1123	0	0	-7.51509
1124	0	0	-7.51065
1125	0	0	-7.50621
1126	0	0	-7.50178
1127	0	0	-7.49734
1128	0	0	-7.4929
1129	0	0	-7.48846
1130	0	0	-7.48402
1131	0	0	-7.47958
1132	0	0	-7.47514
1133	0	0	-7.4707
1134	0	0	-7.46626
1135	0	0	-7.46183
1136	0	0	-7.45739
1137	0	0	-7.45295
1138	0	0	-7.44851
1139	0	0	-7.44407
1140	0	0	-7.43963
1141	0	0	-7.43519
1142	0	0	-7.43075
1143	0	0	-7.42631
1144	0	0	-7.42188
1145	0	0	-7.41744
1146	0	0	-7.413
1147	0	0	-7.40856
1148	0	0	-7.40412
1149	0	0	-7.39968
1150	0	0	-7.39524
1151	0	0	-7.3908
1152	0	0	-7.38636
1153	0	0	-7.38192
1154	0	0	-7.37749
1155	0	0	-7.37305
1156	0	0	-7.36861
1157	0	0	-7.36417
1158	0	0	-7.35973
1159	0	0	-7.35529
1160	0	0	-7.35085
1161	0	0	-7.34641
1162	0	0	-7.34197
1163	0	0	-7.33754
1164	0	0	-7.3331
1165	0	0	-7.32866
1166	0	0	-7.32422
1167	0	0	-7.31978
1168	0	0	-7.31534
1169	0	0	-7.3109
1170	0	0	-7.30646
1171	0	0	-7.30202
1172	0	0	-7.29759
1173	0	0	-7.29315
1174	0	0	-7.28871
1175	0	0	-7.28427
1176	0	0	-7.27983
1177	0	0	-7.27539
1178	0	0	-7.27095
1179	0	0	-7.26651
1180	0	0	-7.26207
1181	0	0	-7.25764
1182	0	0	-7.2532
1183	0	0	-7.24876
1184	0	0	-7.24432
1185	0	0	-7.23988
1186	0	0	-7.23544
1187	0	0	-7.231
1188	0	0	-7.22656
1189	0	0	-7.22212
1190	0	0	-7.21768
1191	0	0	-7.21325
1192	0	0	-7.20881
1193	0	0	-7.20437
1194	0	0	-7.19993
1195	0	0	-7.19549
1196	0	0	-7.19105
1197	0	0	-7.18661
1198	0	0	-7.18217
1199	0	0	-7.17773
1200	0	0	-7.1733
1201	0	0	-7.16886
1202	0	0	-7.16442
1203	0	0	-7.15998
1204	0	0	-7.15554
1205	0	0	-7.1511
1206	0	0	-7.14666
1207	0	0	-7.14222
1208	0	0	-7.13778
1209	0	0	-7.13335
1210	0	0	-7.12891
1211	0	0	-7.12447
1212	0	0	-7.12003
1213	0	0	-7.11559
1214	0	0	-7.11115
1215	0	0	-7.10671
1216	0	0	-7.10227
1217	0	0	-7.09783
1218	0	0	-7.09339
1219	0	0	-7.08896
1220	0	0	-7.08452
1221	0	0	-7.08008
1222	0	0	-7.07564
1223	0	0	-7.0712
1224	0	0	-7.06676
1225	0	0	-7.06232
1226	0	0	-7.05788
1227	0	0	-7.05344
1228	0	0	-7.04901
1229	0	0	-7.04457
1230	0	0	-7.04013
1231	0	0	-7.03569
1232	0	0	-7.03125
1233	0	0	-7.02681
1234	0	0	-7.02237
1235	0	0	-7.01793
1236	0	0	-7.01349
1237	0	0	-7.00906
1238	0	0	-7.00462
1239	0	0	-7.00018
1240	0	0	-6.99574
1241	0	0	-6.9913
1242	0	0	-6.98686
1243	0	0	-6.98242
1244	0	0	-6.97798
1245	0	0	-6.97354
1246	0	0	-6.96911
1247	0	0	-6.96467
1248	0	0	-6.96023
1249	0	0	-6.95579
1250	0	0	-6.95135
1251	0	0	-6.94691
1252	0	0	-6.94247
1253	0	0	-6.93803
1254	0	0	-6.93359
1255	0	0	-6.92915
1256	0	0	-6.92472
1257	0	0	-6.92028
1258	0	0	-6.91584
1259	0	0	-6.9114
1260	0	0	-6.90696
1261	0	0	-6.90252
1262	0	0	-6.89808
1263	0	0	-6.89364
1264	0	0	-6.8892
1265	0	0	-6.88477
1266	0	0	-6.88033
1267	0	0	-6.87589
1268	0	0	-6.87145
1269	0	0	-6.86701
1270	0	0	-6.86257
1271	0	0	-6.85813
1272	0	0	-6.85369
1273	0	0	-6.84925
1274	0	0	-6.84482
1275	0	0	-6.84038
1276	0	0	-6.83594
1277	0	0	-6.8315
1278	0	0	-6.82706
1279	0	0	-6.82262
1280	0	0	-6.81818
1281	0	0	-6.81374
1282	0	0	-6.8093
1283	0	0	-6.80486
1284	0	0	-6.80043
1285	0	0	-6.79599
1286	0	0	-6.79155
1287	0	0	-6.78711
1288	0	0	-6.78267
1289	0	0	-6.77823
1290	0	0	-6.77379
1291	0	0	-6.76935
1292	0	0	-6.76491
1293	0	0	-6.76048
1294	0	0	-6.75604
1295	0	0	-6.7516
1296	0	0	-6.74716
1297	0	0	-6.74272
1298	0	0	-6.73828
1299	0	0	-6.73384
1300	0	0	-6.7294
1301	0	0	-6.72496
1302	0	0	-6.72053
1303	0	0	-6.71609
1304	0	0	-6.71165
1305	0	0	-6.70721
1306	0	0	-6.70277
1307	0	0	-6.69833
1308	0	0	-6.69389
1309	0	0	-6.68945
1310	0	0	-6.68501
1311	0	0	-6.68058
1312	0	0	-6.67614
1313	0	0	-6.6717
1314	0	0	-6.66726
1315	0	0	-6.66282
1316	0	0	-6.65838
1317	0	0	-6.65394
1318	0	0	-6.6495
1319	0	0	-6.64506
1320	0	0	-6.64062
1321	0	0	-6.63619
1322	0	0	-6.63175
1323	0	0	-6.62731
1324	0	0	-6.62287
1325	0	0	-6.61843
1326	0	0	-6.61399
1327	0	0	-6.60955
1328	0	0	-6.60511
1329	0	0	-6.60067
1330	0	0	-6.59624
1331	0	0	-6.5918
1332	0	0	-6.58736
1333	0	0	-6.58292
1334	0	0	-6.57848
1335	0	0	-6.57404
1336	0	0	-6.5696
1337	0	0	-6.56516
1338	0	0	-6.56072
1339	0	0	-6.55629
1340	0	0	-6.55185
1341	0	0	-6.54741
1342	0	0	-6.54297
1343	0	0	-6.53853
1344	0	0	-6.53409
1345	0	0	-6.52965
1346	0	0	-6.52521
1347	0	0	-6.52077
1348	0	0	-6.51634
1349	0	0	-6.5119
1350	0	0	-6.50746
1351	0	0	-6.50302
1352	0	0	-6.49858
1353	0	0	-6.49414
1354	0	0	-6.4897
1355	0	0	-6.48526
1356	0	0	-6.48082
1357	0	0	-6.47639
1358	0	0	-6.47195
1359	0	0	-6.46751
1360	0	0	-6.46307
1361	0	0	-6.45863
1362	0	0	-6.45419
1363	0	0	-6.44975
1364	0	0	-6.44531
1365	0	0	-6.44087
1366	0	0	-6.43643
1367	0	0	-6.432
1368	0	0	-6.42756
1369	0	0	-6.42312
1370	0	0	-6.41868
1371	0	0	-6.41424
1372	0	0	-6.4098
1373	0	0	-6.40536
1374	0	0	-6.40092
1375	0	0	-6.39648
1376	0	0	-6.39205
1377	0	0	-6.38761
1378	0	0	-6.38317
1379	0	0	-6.37873
1380	0	0	-6.37429
1381	0	0	-6.36985
1382	0	0	-6.36541
1383	0	0	-6.36097
1384	0	0	-6.35653
1385	0	0	-6.3521
1386	0	0	-6.34766
1387	0	0	-6.34322
1388	0	0	-6.33878
1389	0	0	-6.33434
1390	0	0	-6.3299
1391	0	0	-6.32546
1392	0	0	-6.32102
1393	0	0	-6.31658
1394	0	0	-6.31214
1395	0	0	-6.30771
1396	0	0	-6.30327
1397	0	0	-6.29883
1398	0	0	-6.29439
1399	0	0	-6.28995
1400	0	0	-6.28551
1401	0	0	-6.28107
1402	0	0	-6.27663
1403	0	0	-6.27219
1404	0	0	-6.26776
1405	0	0	-6.26332
1406	0	0	-6.25888
1407	0	0	-6.25444
1408	0	0	-6.25
1409	0	0	-6.24556
1410	0	0	-6.24112
1411	0	0	-6.23668
1412	0	0	-6.23224
1413	0	0	-6.22781
1414	0	0	-6.22337
1415	0	0	-6.21893
1416	0	0	-6.21449
1417	0	0	-6.21005
1418	0	0	-6.20561
1419	0	0	-6.20117
1420	0	0	-6.19673
1421	0	0	-6.19229
1422	0	0	-6.18786
1423	0	0	-6.18342
1424	0	0	-6.17898
1425	0	0	-6.17454
1426	0	0	-6.1701
1427	0	0	-6.16566
1428	0	0	-6.16122
1429	0	0	-6.15678
1430	0	0	-6.15234
1431	0	0	-6.1479
1432	0	0	-6.14347
1433	0	0	-6.13903
1434	0	0	-6.13459
1435	0	0	-6.13015
1436	0	0	-6.12571
1437	0	0	-6.12127
1438	0	0	-6.11683
1439	0	0	-6.11239
1440	0	0	-6.10795
1441	0	0	-6.10352
1442	0	0	-6.09908
1443	0	0	-6.09464
1444	0	0	-6.0902
1445	0	0	-6.08576
1446	0	0	-6.08132
1447	0	0	-6.07688
1448	0	0	-6.07244
1449	0	0	-6.068
1450	0	0	-6.06357
1451	0	0	-6.05913
1452	0	0	-6.05469
1453	0	0	-6.05025
1454	0	0	-6.04581
1455	0	0	-6.04137
1456	0	0	-6.03693
1457	0	0	-6.03249
1458	0	0	-6.02805
1459	0	0	-6.02361
1460	0	0	-6.01918
1461	0	0	-6.01474
1462	0	0	-6.0103
1463	0	0	-6.00586
1464	0	0	-6.00142
1465	0	0	-5.99698
1466	0	0	-5.99254
1467	0	0	-5.9881
1468	0	0	-5.98366
1469	0	0	-5.97923
1470	0	0	-5.97479
1471	0	0	-5.97035
1472	0	0	-5.96591
1473	0	0	-5.96147
1474	0	0	-5.95703
1475	0	0	-5.95259
1476	0	0	-5.94815
1477	0	0	-5.94371
1478	0	0	-5.93928
1479	0	0	-5.93484
1480	0	0	-5.9304
1481	0	0	-5.92596
1482	0	0	-5.92152
1483	0	0	-5.91708
1484	0	0	-5.91264
1485	0	0	-5.9082
1486	0	0	-5.90376
1487	0	0	-5.89933
1488	0	0	-5.89489
1489	0	0	-5.89045
1490	0	0	-5.88601
1491	0	0	-5.88157
1492	0	0	-5.87713
1493	0	0	-5.87269
1494	0	0	-5.86825
1495	0	0	-5.86381
1496	0	0	-5.85938
1497	0	0	-5.85494
1498	0	0	-5.8505
1499	0	0	-5.84606
1500	0	0	-5.84162
1501	0	0	-5.83718
1502	0	0	-5.83274
1503	0	0	-5.8283
1504	0	0	-5.82386
1505	0	0	-5.81942
1506	0	0	-5.81499
1507	0	0	-5.81055
1508	0	0	-5.80611
1509	0	0	-5.80167
1510	0	0	-5.79723
1511	0	0	-5.79279
1512	0	0	-5.78835
1513	0	0	-5.78391
1514	0	0	-5.77947
1515	0	0	-5.77504
1516	0	0	-5.7706
1517	0	0	-5.76616
1518	0	0	-5.76172
1519	0	0	-5.75728
1520	0	0	-5.75284
1521	0	0	-5.7484
1522	0	0	-5.74396
1523	0	0	-5.73952
1524	0	0	-5.73509
1525	0	0	-5.73065
1526	0	0	-5.72621
1527	0	0	-5.72177
1528	0	0	-5.71733
1529	0	0	-5.71289
1530	0	0	-5.70845
1531	0	0	-5.70401
1532	0	0	-5.69957
1533	0	0	-5.69514
1534	0	0	-5.6907
1535	0	0	-5.68626
1536	0	0	-5.68182
1537	0	0	-5.67738
1538	0	0	-5.67294
1539	0	0	-5.6685
1540	0	0	-5.66406
1541	0	0	-5.65962
1542	0	0	-5.65518
1543	0	0	-5.65075
1544	0	0	-5.64631
1545	0	0	-5.64187
1546	0	0	-5.63743
1547	0	0	-5.63299
1548	0	0	-5.62855
1549	0	0	-5.62411
1550	0	0	-5.61967
1551	0	0	-5.61523
1552	0	0	-5.6108
1553	0	0	-5.60636
1554	0	0	-5.60192
1555	0	0	-5.59748
1556	0	0	-5.59304
1557	0	0	-5.5886
1558	0	0	-5.58416
1559	0	0	-5.57972
1560	0	0	-5.57528
1561	0	0	-5.57085
1562	0	0	-5.56641
1563	0	0	-5.56197
1564	0	0	-5.55753
1565	0	0	-5.55309
1566	0	0	-5.54865
1567	0	0	-5.54421
1568	0	0	-5.53977
1569	0	0	-5.53533
1570	0	0	-5.53089
1571	0	0	-5.52646
1572	0	0	-5.52202
1573	0	0	-5.51758
1574	0	0	-5.51314
1575	0	0	-5.5087
1576	0	0	-5.50426
1577	0	0	-5.49982
1578	0	0	-5.49538
1579	0	0	-5.49094
1580	0	0	-5.48651
1581	0	0	-5.48207
1582	0	0	-5.47763
1583	0	0	-5.47319
1584	0	0	-5.46875
1585	0	0	-5.46431
1586	0	0	-5.45987
1587	0	0	-5.45543
1588	0	0	-5.45099
1589	0	0	-5.44656
1590	0	0	-5.44212
1591	0	0	-5.43768
1592	0	0	-5.43324
1593	0	0	-5.4288
1594	0	0	-5.42436
1595	0	0	-5.41992
1596	0	0	-5.41548
1597	0	0	-5.41104
1598	0	0	-5.40661
1599	0	0	-5.40217
1600	0	0	-5.39773
1601	0	0	-5.39329
1602	0	0	-5.38885
1603	0	0	-5.38441
1604	0	0	-5.37997
1605	0	0	-5.37553
1606	0	0	-5.37109
1607	0	0	-5.36665
1608	0	0	-5.36222
1609	0	0	-5.35778
1610	0	0	-5.35334
1611	0	0	-5.3489
1612	0	0	-5.34446
1613	0	0	-5.34002
1614	0	0	-5.33558
1615	0	0	-5.33114
1616	0	0	-5.3267
1617	0	0	-5.32227
1618	0	0	-5.31783
1619	0	0	-5.31339
1620	0	0	-5.30895
1621	0	0	-5.30451
1622	0	0	-5.30007
1623	0	0	-5.29563
1624	0	0	-5.29119
1625	0	0	-5.28675
1626	0	0	-5.28232
1627	0	0	-5.27788
1628	0	0	-5.27344
1629	0	0	-5.269
1630	0	0	-5.26456
1631	0	0	-5.26012
1632	0	0	-5.25568
1633	0	0	-5.25124
1634	0	0	-5.2468
1635	0	0	-5.24237
1636	0	0	-5.23793
1637	0	0	-5.23349
1638	0	0	-5.22905
1639	0	0	-5.22461
1640	0	0	-5.22017
1641	0	0	-5.21573
1642	0	0	-5.21129
1643	0	0	-5.20685
1644	0	0	-5.20241
1645	0	0	-5.19798
1646	0	0	-5.19354
1647	0	0	-5.1891
1648	0	0	-5.18466
1649	0	0	-5.18022
1650	0	0	-5.17578
1651	0	0	-5.17134
1652	0	0	-5.1669
1653	0	0	-5.16246
1654	0	0	-5.15803
1655	0	0	-5.15359
1656	0	0	-5.14915
1657	0	0	-5.14471
1658	0	0	-5.14027
1659	0	0	-5.13583
1660	0	0	-5.13139
1661	0	0	-5.12695
1662	0	0	-5.12251
1663	0	0	-5.11808
1664	0	0	-5.11364
1665	0	0	-5.1092
1666	0	0	-5.10476
1667	0	0	-5.10032
1668	0	0	-5.09588
1669	0	0	-5.09144
1670	0	0	-5.087
1671	0	0	-5.08256
1672	0	0	-5.07812
1673	0	0	-5.07369
1674	0	0	-5.06925
1675	0	0	-5.06481
1676	0	0	-5.06037
1677	0	0	-5.05593
1678	0	0	-5.05149
1679	0	0	-5.04705
1680	0	0	-5.04261
1681	0	0	-5.03817
1682	0	0	-5.03374
1683	0	0	-5.0293
1684	0	0	-5.02486
1685	0	0	-5.02042
1686	0	0	-5.01598
1687	0	0	-5.01154
1688	0	0	-5.0071
1689	0	0	-5.00266
1690	0	0	-4.99822
1691	0	0	-4.99379
1692	0	0	-4.98935
1693	0	0	-4.98491
1694	0	0	-4.98047
1695	0	0	-4.97603
1696	0	0	-4.97159
1697	0	0	-4.96715
1698	0	0	-4.96271
1699	0	0	-4.95827
1700	0	0	-4.95384
1701	0	0	-4.9494
1702	0	0	-4.94496
1703	0	0	-4.94052
1704	0	0	-4.93608
1705	0	0	-4.93164
1706	0	0	-4.9272
1707	0	0	-4.92276
1708	0	0	-4.91832
1709	0	0	-4.91389
1710	0	0	-4.90945
1711	0	0	-4.90501
1712	0	0	-4.90057
1713	0	0	-4.89613
1714	0	0	-4.89169
1715	0	0	-4.88725
1716	0	0	-4.88281
1717	0	0	-4.87837
1718	0	0	-4.87393
1719	0	0	-4.8695
1720	0	0	-4.86506
1721	0	0	-4.86062
1722	0	0	-4.85618
1723	0	0	-4.85174
1724	0	0	-4.8473
1725	0	0	-4.84286
1726	0	0	-4.83842
1727	0	0	-4.83398
1728	0	0	-4.82955
1729	0	0	-4.82511
1730	0	0	-4.82067
1731	0	0	-4.81623
1732	0	0	-4.81179
1733	0	0	-4.80735
1734	0	0	-4.80291
1735	0	0	-4.79847
1736	0	0	-4.79403
1737	0	0	-4.7896
1738	0	0	-4.78516
1739	0	0	-4.78072
1740	0	0	-4.77628
1741	0	0	-4.77184
1742	0	0	-4.7674
1743	0	0	-4.76296
1744	0	0	-4.75852
1745	0	0	-4.75408
1746	0	0	-4.74964
1747	0	0	-4.74521
1748	0	0	-4.74077
1749	0	0	-4.73633
1750	0	0	-4.73189
1751	0	0	-4.72745
1752	0	0	-4.72301
1753	0	0	-4.71857
1754	0	0	-4.71413
1755	0	0	-4.70969
1756	0	0	-4.70526
1757	0	0	-4.70082
1758	0	0	-4.69638
1759	0	0	-4.69194
1760	0	0	-4.6875
1761	0	0	-4.68306
1762	0	0	-4.67862
1763	0	0	-4.67418
1764	0	0	-4.66974
1765	0	0	-4.66531
1766	0	0	-4.66087
1767	0	0	-4.65643
1768	0	0	-4.65199
1769	0	0	-4.64755
1770	0	0	-4.64311
1771	0	0	-4.63867
1772	0	0	-4.63423
1773	0	0	-4.62979
1774	0	0	-4.62536
1775	0	0	-4.62092
1776	0	0	-4.61648
1777	0	0	-4.61204
1778	0	0	-4.6076
1779	0	0	-4.60316
1780	0	0	-4.59872
1781	0	0	-4.59428
1782	0	0	-4.58984
1783	0	0	-4.5854
1784	0	0	-4.58097
1785	0	0	-4.57653
1786	0	0	-4.57209
1787	0	0	-4.56765
1788	0	0	-4.56321
1789	0	0	-4.55877
1790	0	0	-4.55433
1791	0	0	-4.54989
1792	0	0	-4.54545
1793	0	0	-4.54102
1794	0	0	-4.53658
1795	0	0	-4.53214
1796	0	0	-4.5277
1797	0	0	-4.52326
1798	0	0	-4.51882
1799	0	0	-4.51438
1800	0	0	-4.50994
1801	0	0	-4.5055
1802	0	0	-4.50107
1803	0	0	-4.49663
1804	0	0	-4.49219
1805	0	0	-4.48775
1806	0	0	-4.48331
1807	0	0	-4.47887
1808	0	0	-4.47443
1809	0	0	-4.46999
1810	0	0	-4.46555
1811	0	0	-4.46111
1812	0	0	-4.45668
1813	0	0	-4.45224
1814	0	0	-4.4478
1815	0	0	-4.44336
1816	0	0	-4.43892
1817	0	0	-4.43448
1818	0	0	-4.43004
1819	0	0	-4.4256
1820	0	0	-4.42116
1821	0	0	-4.41673
1822	0	0	-4.41229
1823	0	0	-4.40785
1824	0	0	-4.40341
1825	0	0	-4.39897
1826	0	0	-4.39453
1827	0	0	-4.39009
1828	0	0	-4.38565
1829	0	0	-4.38121
1830	0	0	-4.37678
1831	0	0	-4.37234
1832	0	0	-4.3679
1833	0	0	-4.36346
1834	0	0	-4.35902
1835	0	0	-4.35458
1836	0	0	-4.35014
1837	0	0	-4.3457
1838	0	0	-4.34126
1839	0	0	-4.33683
1840	0	0	-4.33239
1841	0	0	-4.32795
1842	0	0	-4.32351
1843	0	0	-4.31907
1844	0	0	-4.31463
1845	0	0	-4.31019
1846	0	0	-4.30575
1847	0	0	-4.30131
1848	0	0	-4.29688
1849	0	0	-4.29244
1850	0	0	-4.288
1851	0	0	-4.28356
1852	0	0	-4.27912
1853	0	0	-4.27468
1854	0	0	-4.27024
1855	0	0	-4.2658
1856	0	0	-4.26136
1857	0	0	-4.25692
1858	0	0	-4.25249
1859	0	0	-4.24805
1860	0	0	-4.24361
1861	0	0	-4.23917
1862	0	0	-4.23473
1863	0	0	-4.23029
1864	0	0	-4.22585
1865	0	0	-4.22141
1866	0	0	-4.21697
1867	0	0	-4.21254
1868	0	0	-4.2081
1869	0	0	-4.20366
1870	0	0	-4.19922
1871	0	0	-4.19478
1872	0	0	-4.19034
1873	0	0	-4.1859
1874	0	0	-4.18146
1875	0	0	-4.17702
1876	0	0	-4.17259
1877	0	0	-4.16815
1878	0	0	-4.16371
1879	0	0	-4.15927
1880	0	0	-4.15483
1881	0	0	-4.15039
1882	0	0	-4.14595
1883	0	0	-4.14151
1884	0	0	-4.13707
1885	0	0	-4.13264
1886	0	0	-4.1282
1887	0	0	-4.12376
1888	0	0	-4.11932
1889	0	0	-4.11488
1890	0	0	-4.11044
1891	0	0	-4.106
1892	0	0	-4.10156
1893	0	0	-4.09712
1894	0	0	-4.09268
1895	0	0	-4.08825
1896	0	0	-4.08381
1897	0	0	-4.07937
1898	0	0	-4.07493
1899	0	0	-4.07049
1900	0	0	-4.06605
1901	0	0	-4.06161
1902	0	0	-4.05717
1903	0	0	-4.05273
1904	0	0	-4.0483
1905	0	0	-4.04386
1906	0	0	-4.03942
1907	0	0	-4.03498
1908	0	0	-4.03054
1909	0	0	-4.0261
1910	0	0	-4.02166
1911	0	0	-4.01722
1912	0	0	-4.01278
1913	0	0	-4.00835
1914	0	0	-4.00391
1915	0	0	-3.99947
1916	0	0	-3.99503
1917	0	0	-3.99059
1918	0	0	-3.98615
1919	0	0	-3.98171
1920	0	0	-3.97727
1921	0	0	-3.97283
1922	0	0	-3.9684
1923	0	0	-3.96396
1924	0	0	-3.95952
1925	0	0	-3.95508
1926	0	0	-3.95064
1927	0	0	-3.9462
1928	0	0	-3.94176
1929	0	0	-3.93732
1930	0	0	-3.93288
1931	0	0	-3.92844
1932	0	0	-3.92401
1933	0	0	-3.91957
1934	0	0	-3.91513
1935	0	0	-3.91069
1936	0	0	-3.90625
1937	0	0	-3.90181
1938	0	0	-3.89737
1939	0	0	-3.89293
1940	0	0	-3.88849
1941	0	0	-3.88406
1942	0	0	-3.87962
1943	0	0	-3.87518
1944	0	0	-3.87074
1945	0	0	-3.8663
1946	0	0	-3.86186
1947	0	0	-3.85742
1948	0	0	-3.85298
1949	0	0	-3.84854
1950	0	0	-3.8441
1951	0	0	-3.83967
1952	0	0	-3.83523
1953	0	0	-3.83079
1954	0	0	-3.82635
1955	0	0	-3.82191
1956	0	0	-3.81747
1957	0	0	-3.81303
1958	0	0	-3.80859
1959	0	0	-3.80416
1960	0	0	-3.79972
1961	0	0	-3.79528
1962	0	0	-3.79084
1963	0	0	-3.7864
1964	0	0	-3.78196
1965	0	0	-3.77752
1966	0	0	-3.77308
1967	0	0	-3.76864
1968	0	0	-3.7642
1969	0	0	-3.75977
1970	0	0	-3.75533
1971	0	0	-3.75089
1972	0	0	-3.74645
1973	0	0	-3.74201
1974	0	0	-3.73757
1975	0	0	-3.73313
1976	0	0	-3.72869
1977	0	0	-3.72425
1978	0	0	-3.71982
1979	0	0	-3.71538
1980	0	0	-3.71094
1981	0	0	-3.7065
1982	0	0	-3.70206
1983	0	0	-3.69762
1984	0	0	-3.69318
1985	0	0	-3.68874
1986	0	0	-3.6843
1987	0	0	-3.67986
1988	0	0	-3.67543
1989	0	0	-3.67099
1990	0	0	-3.66655
1991	0	0	-3.66211
1992	0	0	-3.65767
1993	0	0	-3.65323
1994	0	0	-3.64879
1995	0	0	-3.64435
1996	0	0	-3.63991
1997	0	0	-3.63548
1998	0	0	-3.63104
1999	0	0	-3.6266
2000	0	0	-3.62216
2001	0	0	-3.61772
2002	0	0	-3.61328
2003	0	0	-3.60884
2004	0	0	-3.6044
2005	0	0	-3.59996
2006	0	0	-3.59553
2007	0	0	-3.59109
2008	0	0	-3.58665
2009	0	0	-3.58221
2010	0	0	-3.57777
2011	0	0	-3.57333
2012	0	0	-3.56889
2013	0	0	-3.56445
2014	0	0	-3.56001
2015	0	0	-3.55558
2016	0	0	-3.55114
2017	0	0	-3.5467
2018	0	0	-3.54226
2019	0	0	-3.53782
2020	0	0	-3.53338
2021	0	0	-3.52894
2022	0	0	-3.5245
2023	0	0	-3.52006
2024	0	0	-3.51562
2025	0	0	-3.51119
2026	0	0	-3.50675
2027	0	0	-3.50231
2028	0	0	-3.49787
2029	0	0	-3.49343
2030	0	0	-3.48899
2031	0	0	-3.48455
2032	0	0	-3.48011
2033	0	0	-3.47567
2034	0	0	-3.47124
2035	0	0	-3.4668
2036	0	0	-3.46236
2037	0	0	-3.45792
2038	0	0	-3.45348
2039	0	0	-3.44904
2040	0	0	-3.4446
2041	0	0	-3.44016
2042	0	0	-3.43572
2043	0	0	-3.43129
2044	0	0	-3.42685
2045	0	0	-3.42241
2046	0	0	-3.41797
2047	0	0	-3.41353
2048	0	0	-3.40909
2049	0	0	-3.40465
2050	0	0	-3.40021
2051	0	0	-3.39577
2052	0	0	-3.39134
2053	0	0	-3.3869
2054	0	0	-3.38246
2055	0	0	-3.37802
2056	0	0	-3.37358
2057	0	0	-3.36914
2058	0	0	-3.3647
2059	0	0	-3.36026
2060	0	0	-3.35582
2061	0	0	-3.35139
2062	0	0	-3.34695
2063	0	0	-3.34251
2064	0	0	-3.33807
2065	0	0	-3.33363
2066	0	0	-3.32919
2067	0	0	-3.32475
2068	0	0	-3.32031
2069	0	0	-3.31587
2070	0	0	-3.31143
2071	0	0	-3.307
2072	0	0	-3.30256
2073	0	0	-3.29812
2074	0	0	-3.29368
2075	0	0	-3.28924
2076	0	0	-3.2848
2077	0	0	-3.28036
2078	0	0	-3.27592
2079	0	0	-3.27148
2080	0	0	-3.26705
2081	0	0	-3.26261
2082	0	0	-3.25817
2083	0	0	-3.25373
2084	0	0	-3.24929
2085	0	0	-3.24485
2086	0	0	-3.24041
2087	0	0	-3.23597
2088	0	0	-3.23153
2089	0	0	-3.2271
2090	0	0	-3.22266
2091	0	0	-3.21822
2092	0	0	-3.21378
2093	0	0	-3.20934
2094	0	0	-3.2049
2095	0	0	-3.20046
2096	0	0	-3.19602
2097	0	0	-3.19158
2098	0	0	-3.18715
2099	0	0	-3.18271
2100	0	0	-3.17827
2101	0	0	-3.17383
2102	0	0	-3.16939
2103	0	0	-3.16495
2104	0	0	-3.16051
2105	0	0	-3.15607
2106	0	0	-3.15163
2107	0	0	-3.14719
2108	0	0	-3.14276
2109	0	0	-3.13832
2110	0	0	-3.13388
2111	0	0	-3.12944
2112	0	0	-3.125
2113	0	0	-3.12056
2114	0	0	-3.11612
2115	0	0	-3.11168
2116	0	0	-3.10724
2117	0	0	-3.10281
2118	0	0	-3.09837
2119	0	0	-3.09393
2120	0	0	-3.08949
2121	0	0	-3.08505
2122	0	0	-3.08061
2123	0	0	-3.07617
2124	0	0	-3.07173
2125	0	0	-3.06729
2126	0	0	-3.06285
2127	0	0	-3.05842
2128	0	0	-3.05398
2129	0	0	-3.04954
2130	0	0	-3.0451
2131	0	0	-3.04066
2132	0	0	-3.03622
2133	0	0	-3.03178
2134	0	0	-3.02734
2135	0	0	-3.02291
2136	0	0	-3.01847
2137	0	0	-3.01403
2138	0	0	-3.00959
2139	0	0	-3.00515
2140	0	0	-3.00071
2141	0	0	-2.99627
2142	0	0	-2.99183
2143	0	0	-2.98739
2144	0	0	-2.98295
2145	0	0	-2.97852
2146	0	0	-2.97408
2147	0	0	-2.96964
2148	0	0	-2.9652
2149	0	0	-2.96076
2150	0	0	-2.95632
2151	0	0	-2.95188
2152	0	0	-2.94744
2153	0	0	-2.943
2154	0	0	-2.93857
2155	0	0	-2.93413
2156	0	0	-2.92969
2157	0	0	-2.92525
2158	0	0	-2.92081
2159	0	0	-2.91637
2160	0	0	-2.91193
2161	0	0	-2.90749
2162	0	0	-2.90305
2163	0	0	-2.89861
2164	0	0	-2.89418
2165	0	0	-2.88974
2166	0	0	-2.8853
2167	0	0	-2.88086
2168	0	0	-2.87642
2169	0	0	-2.87198
2170	0	0	-2.86754
2171	0	0	-2.8631
2172	0	0	-2.85866
2173	0	0	-2.85423
2174	0	0	-2.84979
2175	0	0	-2.84535
2176	0	0	-2.84091
2177	0	0	-2.83647
2178	0	0	-2.83203
2179	0	0	-2.82759
2180	0	0	-2.82315
2181	0	0	-2.81871
2182	0	0	-2.81428
2183	0	0	-2.80984
2184	0	0	-2.8054
2185	0	0	-2.80096
2186	0	0	-2.79652
2187	0	0	-2.79208
2188	0	0	-2.78764
2189	0	0	-2.7832
2190	0	0	-2.77876
2191	0	0	-2.77433
2192	0	0	-2.76989
2193	0	0	-2.76545
2194	0	0	-2.76101
2195	0	0	-2.75657
2196	0	0	-2.75213
2197	0	0	-2.74769
2198	0	0	-2.74325
2199	0	0	-2.73881
2200	0	0	-2.73438
2201	0	0	-2.72994
2202	0	0	-2.7255
2203	0	0	-2.72106
2204	0	0	-2.71662
2205	0	0	-2.71218
2206	0	0	-2.70774
2207	0	0	-2.7033
2208	0	0	-2.69886
2209	0	0	-2.69442
2210	0	0	-2.68999
2211	0	0	-2.68555
2212	0	0	-2.68111
2213	0	0	-2.67667
2214	0	0	-2.67223
2215	0	0	-2.66779
2216	0	0	-2.66335
2217	0	0	-2.65891
2218	0	0	-2.65447
2219	0	0	-2.65004
2220	0	0	-2.6456
2221	0	0	-2.64116
2222	0	0	-2.63672
2223	0	0	-2.63228
2224	0	0	-2.62784
2225	0	0	-2.6234
2226	0	0	-2.61896
2227	0	0	-2.61452
2228	0	0	-2.61009
2229	0	0	-2.60565
2230	0	0	-2.60121
2231	0	0	-2.59677
2232	0	0	-2.59233
2233	0	0	-2.58789
2234	0	0	-2.58345
2235	0	0	-2.57901
2236	0	0	-2.57457
2237	0	0	-2.57014
2238	0	0	-2.5657
2239	0	0	-2.56126
2240	0	0	-2.55682
2241	0	0	-2.55238
2242	0	0	-2.54794
2243	0	0	-2.5435
2244	0	0	-2.53906
2245	0	0	-2.53462
2246	0	0	-2.53018
2247	0	0	-2.52575
2248	0	0	-2.52131
2249	0	0	-2.51687
2250	0	0	-2.51243
2251	0	0	-2.50799
2252	0	0	-2.50355
2253	0	0	-2.49911
2254	0	0	-2.49467
2255	0	0	-2.49023
2256	0	0	-2.4858
2257	0	0	-2.48136
2258	0	0	-2.47692
2259	0	0	-2.47248
2260	0	0	-2.46804
2261	0	0	-2.4636
2262	0	0	-2.45916
2263	0	0	-2.45472
2264	0	0	-2.45028
2265	0	0	-2.44585
2266	0	0	-2.44141
2267	0	0	-2.43697
2268	0	0	-2.43253
2269	0	0	-2.42809
2270	0	0	-2.42365
2271	0	0	-2.41921
2272	0	0	-2.41477
2273	0	0	-2.41033
2274	0	0	-2.4059
2275	0	0	-2.40146
2276	0	0	-2.39702
2277	0	0	-2.39258
2278	0	0	-2.38814
2279	0	0	-2.3837
2280	0	0	-2.37926
2281	0	0	-2.37482
2282	0	0	-2.37038
2283	0	0	-2.36594
2284	0	0	-2.36151
2285	0	0	-2.35707
2286	0	0	-2.35263
2287	0	0	-2.34819
2288	0	0	-2.34375
2289	0	0	-2.33931
2290	0	0	-2.33487
2291	0	0	-2.33043
2292	0	0	-2.32599
2293	0	0	-2.32156
2294	0	0	-2.31712
2295	0	0	-2.31268
2296	0	0	-2.30824
2297	0	0	-2.3038
2298	0	0	-2.29936
2299	0	0	-2.29492
2300	0	0	-2.29048
2301	0	0	-2.28604
2302	0	0	-2.2816
2303	0	0	-2.27717
2304	0	0	-2.27273
2305	0	0	-2.26829
2306	0	0	-2.26385
2307	0	0	-2.25941
2308	0	0	-2.25497
2309	0	0	-2.25053
2310	0	0	-2.24609
2311	0	0	-2.24166
2312	0	0	-2.23722
2313	0	0	-2.23278
2314	0	0	-2.22834
2315	0	0	-2.2239
2316	0	0	-2.21946
2317	0	0	-2.21502
2318	0	0	-2.21058
2319	0	0	-2.20614
2320	0	0	-2.2017
2321	0	0	-2.19727
2322	0	0	-2.19283
2323	0	0	-2.18839
2324	0	0	-2.18395
2325	0	0	-2.17951
2326	0	0	-2.17507
2327	0	0	-2.17063
2328	0	0	-2.16619
2329	0	0	-2.16175
2330	0	0	-2.15732
2331	0	0	-2.15288
2332	0	0	-2.14844
2333	0	0	-2.144
2334	0	0	-2.13956
2335	0	0	-2.13512
2336	0	0	-2.13068
2337	0	0	-2.12624
2338	0	0	-2.1218
2339	0	0	-2.11736
2340	0	0	-2.11293
2341	0	0	-2.10849
2342	0	0	-2.10405
2343	0	0	-2.09961
2344	0	0	-2.09517
2345	0	0	-2.09073
2346	0	0	-2.08629
2347	0	0	-2.08185
2348	0	0	-2.07741
2349	0	0	-2.07298
2350	0	0	-2.06854
2351	0	0	-2.0641
2352	0	0	-2.05966
2353	0	0	-2.05522
2354	0	0	-2.05078
2355	0	0	-2.04634
2356	0	0	-2.0419
2357	0	0	-2.03746
2358	0	0	-2.03303
2359	0	0	-2.02859
2360	0	0	-2.02415
2361	0	0	-2.01971
2362	0	0	-2.01527
2363	0	0	-2.01083
2364	0	0	-2.00639
2365	0	0	-2.00195
2366	0	0	-1.99751
2367	0	0	-1.99308
2368	0	0	-1.98864
2369	0	0	-1.9842
2370	0	0	-1.97976
2371	0	0	-1.97532
2372	0	0	-1.97088
2373	0	0	-1.96644
2374	0	0	-1.962
2375	0	0	-1.95756
2376	0	0	-1.95312
2377	0	0	-1.94869
2378	0	0	-1.94425
2379	0	0	-1.93981
2380	0	0	-1.93537
2381	0	0	-1.93093
2382	0	0	-1.92649
2383	0	0	-1.92205
2384	0	0	-1.91761
2385	0	0	-1.91317
2386	0	0	-1.90874
2387	0	0	-1.9043
2388	0	0	-1.89986
2389	0	0	-1.89542
2390	0	0	-1.89098
2391	0	0	-1.88654
2392	0	0	-1.8821
2393	0	0	-1.87766
2394	0	0	-1.87322
2395	0	0	-1.86879
2396	0	0	-1.86435
2397	0	0	-1.85991
2398	0	0	-1.85547
2399	0	0	-1.85103
2400	0	0	-1.84659
2401	0	0	-1.84215
2402	0	0	-1.83771
2403	0	0	-1.83327
2404	0	0	-1.82884
2405	0	0	-1.8244
2406	0	0	-1.81996
2407	0	0	-1.81552
2408	0	0	-1.81108
2409	0	0	-1.80664
2410	0	0	-1.8022
2411	0	0	-1.79776
2412	0	0	-1.79332
2413	0	0	-1.78889
2414	0	0	-1.78445
2415	0	0	-1.78001
2416	0	0	-1.77557
2417	0	0	-1.77113
2418	0	0	-1.76669
2419	0	0	-1.76225
2420	0	0	-1.75781
2421	0	0	-1.75337
2422	0	0	-1.74893
2423	0	0	-1.7445
2424	0	0	-1.74006
2425	0	0	-1.73562
2426	0	0	-1.73118
2427	0	0	-1.72674
2428	0	0	-1.7223
2429	0	0	-1.71786
2430	0	0	-1.71342
2431	0	0	-1.70898
2432	0	0	-1.70455
2433	0	0	-1.70011
2434	0	0	-1.69567
2435	0	0	-1.69123
2436	0	0	-1.68679
2437	0	0	-1.68235
2438	0	0	-1.67791
2439	0	0	-1.67347
2440	0	0	-1.66903
2441	0	0	-1.6646
2442	0	0	-1.66016
2443	0	0	-1.65572
2444	0	0	-1.65128
2445	0	0	-1.64684
2446	0	0	-1.6424
2447	0	0	-1.63796
2448	0	0	-1.63352
2449	0	0	-1.62908
2450	0	0	-1.62465
2451	0	0	-1.62021
2452	0	0	-1.61577
2453	0	0	-1.61133
2454	0	0	-1.60689
2455	0	0	-1.60245
2456	0	0	-1.59801
2457	0	0	-1.59357
2458	0	0	-1.58913
2459	0	0	-1.58469
2460	0	0	-1.58026
2461	0	0	-1.57582
2462	0	0	-1.57138
2463	0	0	-1.56694
2464	0	0	-1.5625
2465	0	0	-1.55806
2466	0	0	-1.55362
2467	0	0	-1.54918
2468	0	0	-1.54474
2469	0	0	-1.54031
2470	0	0	-1.53587
2471	0	0	-1.53143
2472	0	0	-1.52699
2473	0	0	-1.52255
2474	0	0	-1.51811
2475	0	0	-1.51367
2476	0	0	-1.50923
2477	0	0	-1.50479
2478	0	0	-1.50035
2479	0	0	-1.49592
2480	0	0	-1.49148
2481	0	0	-1.48704
2482	0	0	-1.4826
2483	0	0	-1.47816
2484	0	0	-1.47372
2485	0	0	-1.46928
2486	0	0	-1.46484
2487	0	0	-1.46041
2488	0	0	-1.45597
2489	0	0	-1.45153
2490	0	0	-1.44709
2491	0	0	-1.44265
2492	0	0	-1.43821
2493	0	0	-1.43377
2494	0	0	-1.42933
2495	0	0	-1.42489
2496	0	0	-1.42045
2497	0	0	-1.41602
2498	0	0	-1.41158
2499	0	0	-1.40714
2500	0	0	-1.4027
2501	0	0	-1.39826
2502	0	0	-1.39382
2503	0	0	-1.38938
2504	0	0	-1.38494
2505	0	0	-1.3805
2506	0	0	-1.37607
2507	0	0	-1.37163
2508	0	0	-1.36719
2509	0	0	-1.36275
2510	0	0	-1.35831
2511	0	0	-1.35387
2512	0	0	-1.34943
2513	0	0	-1.34499
2514	0	0	-1.34055
2515	0	0	-1.33611
2516	0	0	-1.33168
2517	0	0	-1.32724
2518	0	0	-1.3228
2519	0	0	-1.31836
2520	0	0	-1.31392
2521	0	0	-1.30948
2522	0	0	-1.30504
2523	0	0	-1.3006
2524	0	0	-1.29616
2525	0	0	-1.29173
2526	0	0	-1.28729
2527	0	0	-1.28285
2528	0	0	-1.27841
2529	0	0	-1.27397
2530	0	0	-1.26953
2531	0	0	-1.26509
2532	0	0	-1.26065
2533	0	0	-1.25621
2534	0	0	-1.25178
2535	0	0	-1.24734
2536	0	0	-1.2429
2537	0	0	-1.23846
2538	0	0	-1.23402
2539	0	0	-1.22958
2540	0	0	-1.22514
2541	0	0	-1.2207
2542	0	0	-1.21626
2543	0	0	-1.21183
2544	0	0	-1.20739
2545	0	0	-1.20295
2546	0	0	-1.19851
2547	0	0	-1.19407
2548	0	0	-1.18963
2549	0	0	-1.18519
2550	0	0	-1.18075
2551	0	0	-1.17631
2552	0	0	-1.17188
2553	0	0	-1.16744
2554	0	0	-1.163
2555	0	0	-1.15856
2556	0	0	-1.15412
2557	0	0	-1.14968
2558	0	0	-1.14524
2559	0	0	-1.1408
2560	0	0	-1.13636
2561	0	0	-1.13192
2562	0	0	-1.12749
2563	0	0	-1.12305
2564	0	0	-1.11861
2565	0	0	-1.11417
2566	0	0	-1.10973
2567	0	0	-1.10529
2568	0	0	-1.10085
2569	0	0	-1.09641
2570	0	0	-1.09197
2571	0	0	-1.08754
2572	0	0	-1.0831
2573	0	0	-1.07866
2574	0	0	-1.07422
2575	0	0	-1.06978
2576	0	0	-1.06534
2577	0	0	-1.0609
2578	0	0	-1.05646
2579	0	0	-1.05202
2580	0	0	-1.04759
2581	0	0	-1.04315
2582	0	0	-1.03871
2583	0	0	-1.03427
2584	0	0	-1.02983
2585	0	0	-1.02539
2586	0	0	-1.02095
2587	0	0	-1.01651
2588	0	0	-1.01207
2589	0	0	-1.00764
2590	0	0	-1.0032
2591	0	0	-0.998757
2592	0	0	-0.994318
2593	0	0	-0.98988
2594	0	0	-0.98544
2595	0	0	-0.981002
2596	0	0	-0.976562
2597	0	0	-0.972124
2598	0	0	-0.967685
2599	0	0	-0.963245
2600	0	0	-0.958807
2601	0	0	-0.954368
2602	0	0	-0.949929
2603	0	0	-0.94549
2604	0	0	-0.941051
2605	0	0	-0.936612
2606	0	0	-0.932174
2607	0	0	-0.927734
2608	0	0	-0.923296
2609	0	0	-0.918857
2610	0	0	-0.914417
2611	0	0	-0.909979
2612	0	0	-0.90554
2613	0	0	-0.901101
2614	0	0	-0.896662
2615	0	0	-0.892223
2616	0	0	-0.887784
2617	0	0	-0.883346
2618	0	0	-0.878906
2619	0	0	-0.874468
2620	0	0	-0.870028
2621	0	0	-0.865589
2622	0	0	-0.861151
2623	0	0	-0.856711
2624	0	0	-0.852273
2625	0	0	-0.847834
2626	0	0	-0.843395
2627	0	0	-0.838956
2628	0	0	-0.834517
2629	0	0	-0.830078
2630	0	0	-0.82564
2631	0	0	-0.8212
2632	0	0	-0.816761
2633	0	0	-0.812323
2634	0	0	-0.807883
2635	0	0	-0.803445
2636	0	0	-0.799006
2637	0	0	-0.794567
2638	0	0	-0.790128
2639	0	0	-0.785689
2640	0	0	-0.78125
2641	0	0	-0.776812
2642	0	0	-0.772372
2643	0	0	-0.767933
2644	0	0	-0.763494
2645	0	0	-0.759055
2646	0	0	-0.754617
2647	0	0	-0.750177
2648	0	0	-0.745739
2649	0	0	-0.7413
2650	0	0	-0.736861
2651	0	0	-0.732422
2652	0	0	-0.727983
2653	0	0	-0.723544
2654	0	0	-0.719105
2655	0	0	-0.714666
2656	0	0	-0.710227
2657	0	0	-0.705789
2658	0	0	-0.701349
2659	0	0	-0.696911
2660	0	0	-0.692472
2661	0	0	-0.688033
2662	0	0	-0.683594
2663	0	0	-0.679155
2664	0	0	-0.674716
2665	0	0	-0.670277
2666	0	0	-0.665838
2667	0	0	-0.661399
2668	0	0	-0.65696
2669	0	0	-0.652521
2670	0	0	-0.648083
2671	0	0	-0.643643
2672	0	0	-0.639205
2673	0	0	-0.634766
2674	0	0	-0.630327
2675	0	0	-0.625888
2676	0	0	-0.621449
2677	0	0	-0.61701
2678	0	0	-0.612571
2679	0	0	-0.608132
2680	0	0	-0.603693
2681	0	0	-0.599255
2682	0	0	-0.594815
2683	0	0	-0.590377
2684	0	0	-0.585938
2685	0	0	-0.581499
2686	0	0	-0.57706
2687	0	0	-0.57262
2688	0	0	-0.568182
2689	0	0	-0.563743
2690	0	0	-0.559304
2691	0	0	-0.554865
2692	0	0	-0.550426
2693	0	0	-0.545987
2694	0	0	-0.541549
2695	0	0	-0.537109
2696	0	0	-0.532671
2697	0	0	-0.528232
2698	0	0	-0.523792
2699	0	0	-0.519354
2700	0	0	-0.514915
2701	0	0	-0.510476
2702	0	0	-0.506037
2703	0	0	-0.501598
2704	0	0	-0.497159
2705	0	0	-0.492721
2706	0	0	-0.488281
2707	0	0	-0.483843
2708	0	0	-0.479403
2709	0	0	-0.474964
2710	0	0	-0.470526
2711	0	0	-0.466086
2712	0	0	-0.461648
2713	0	0	-0.457209
2714	0	0	-0.45277
2715	0	0	-0.448331
2716	0	0	-0.443892
2717	0	0	-0.439453
2718	0	0	-0.435015
2719	0	0	-0.430575
2720	0	0	-0.426136
2721	0	0	-0.421698
2722	0	0	-0.417258
2723	0	0	-0.41282
2724	0	0	-0.408381
2725	0	0	-0.403942
2726	0	0	-0.399503
2727	0	0	-0.395064
2728	0	0	-0.390625
2729	0	0	-0.386187
2730	0	0	-0.381747
2731	0	0	-0.377308
2732	0	0	-0.372869
2733	0	0	-0.36843
2734	0	0	-0.363992
2735	0	0	-0.359552
2736	0	0	-0.355114
2737	0	0	-0.350675
2738	0	0	-0.346236
2739	0	0	-0.341797
2740	0	0	-0.337358
2741	0	0	-0.332919
2742	0	0	-0.32848
2743	0	0	-0.324041
2744	0	0	-0.319602
2745	0	0	-0.315164
2746	0	0	-0.310724
2747	0	0	-0.306286
2748	0	0	-0.301847
2749	0	0	-0.297408
2750	0	0	-0.292969
2751	0	0	-0.28853
2752	0	0	-0.284091
2753	0	0	-0.279652
2754	0	0	-0.275213
2755	0	0	-0.270774
2756	0	0	-0.266335
2757	0	0	-0.261896
2758	0	0	-0.257458
2759	0	0	-0.253018
2760	0	0	-0.24858
2761	0	0	-0.244141
2762	0	0	-0.239702
2763	0	0	-0.235263
2764	0	0	-0.230824
2765	0	0	-0.226385
2766	0	0	-0.221946
2767	0	0	-0.217507
2768	0	0	-0.213068
2769	0	0	-0.20863
2770	0	0	-0.20419
2771	0	0	-0.199752
2772	0	0	-0.195312
2773	0	0	-0.190874
2774	0	0	-0.186435
2775	0	0	-0.181995
2776	0	0	-0.177557
2777	0	0	-0.173118
2778	0	0	-0.168679
2779	0	0	-0.16424
2780	0	0	-0.159801
2781	0	0	-0.155362
2782	0	0	-0.150924
2783	0	0	-0.146484
2784	0	0	-0.142046
2785	0	0	-0.137607
2786	0	0	-0.133167
2787	0	0	-0.128729
2788	0	0	-0.12429
2789	0	0	-0.119851
2790	0	0	-0.115412
2791	0	0	-0.110973
2792	0	0	-0.106534
2793	0	0	-0.102096
2794	0	0	-0.0976562
2795	0	0	-0.0932178
2796	0	0	-0.0887785
2797	0	0	-0.0843391
2798	0	0	-0.0799007
2799	0	0	-0.0754614
2800	0	0	-0.071023
2801	0	0	-0.0665836
2802	0	0	-0.0621452
2803	0	0	-0.0577059
2804	0	0	-0.0532675
2805	0	0	-0.0488281
2806	0	0	-0.0443897
2807	0	0	-0.0399504
2808	0	0	-0.035511
2809	0	0	-0.0310726
2810	0	0	-0.0266333
2811	0	0	-0.0221949
2812	0	0	-0.0177555
2813	0	0	-0.0133171
2814	0	0	-0.00887775
2815	0	0	-0.00443935
2816	0	0	0
2817	0	0	0.0044384
2818	0	0	0.00887775
2819	0	0	0.0133171
2820	0	0	0.0177555
2821	0	0	0.0221949
2822	0	0	0.0266333
2823	0	0	0.0310726
2824	0	0	0.035511
2825	0	0	0.0399504
2826	0	0	0.0443888
2827	0	0	0.0488281
2828	0	0	0.0532665
2829	0	0	0.0577059
2830	0	0	0.0621452
2831	0	0	0.0665836
2832	0	0	0.071023
2833	0	0	0.0754614
2834	0	0	0.0799007
2835	0	0	0.0843391
2836	0	0	0.0887785
2837	0	0	0.0932169
2838	0	0	0.0976562
2839	0	0	0.102095
2840	0	0	0.106534
2841	0	0	0.110973
2842	0	0	0.115412
2843	0	0	0.119851
2844	0	0	0.12429
2845	0	0	0.128729
2846	0	0	0.133167
2847	0	0	0.137607
2848	0	0	0.142045
2849	0	0	0.146484
2850	0	0	0.150923
2851	0	0	0.155362
2852	0	0	0.159801
2853	0	0	0.16424
2854	0	0	0.168679
2855	0	0	0.173118
2856	0	0	0.177557
2857	0	0	0.181995
2858	0	0	0.186435
2859	0	0	0.190873
2860	0	0	0.195312
2861	0	0	0.199751
2862	0	0	0.20419
2863	0	0	0.20863
2864	0	0	0.213068
2865	0	0	0.217507
2866	0	0	0.221946
2867	0	0	0.226385
2868	0	0	0.230824
2869	0	0	0.235263
2870	0	0	0.239701
2871	0	0	0.244141
2872	0	0	0.248579
2873	0	0	0.253018
2874	0	0	0.257458
2875	0	0	0.261896
2876	0	0	0.266335
2877	0	0	0.270774
2878	0	0	0.275213
2879	0	0	0.279652
2880	0	0	0.284091
2881	0	0	0.288529
2882	0	0	0.292969
2883	0	0	0.297407
2884	0	0	0.301847
2885	0	0	0.306286
2886	0	0	0.310724
2887	0	0	0.315164
2888	0	0	0.319602
2889	0	0	0.324041
2890	0	0	0.32848
2891	0	0	0.332919
2892	0	0	0.337358
2893	0	0	0.341797
2894	0	0	0.346235
2895	0	0	0.350675
2896	0	0	0.355114
2897	0	0	0.359552
2898	0	0	0.363992
2899	0	0	0.36843
2900	0	0	0.372869
2901	0	0	0.377308
2902	0	0	0.381747
2903	0	0	0.386186
2904	0	0	0.390625
2905	0	0	0.395063
2906	0	0	0.399503
2907	0	0	0.403942
2908	0	0	0.408381
2909	0	0	0.41282
2910	0	0	0.417258
2911	0	0	0.421698
2912	0	0	0.426136
2913	0	0	0.430575
2914	0	0	0.435014
2915	0	0	0.439453
2916	0	0	0.443892
2917	0	0	0.448331
2918	0	0	0.45277
2919	0	0	0.457209
2920	0	0	0.461648
2921	0	0	0.466086
2922	0	0	0.470526
2923	0	0	0.474964
2924	0	0	0.479403
2925	0	0	0.483842
2926	0	0	0.488281
2927	0	0	0.49272
2928	0	0	0.497159
2929	0	0	0.501598
2930	0	0	0.506037
2931	0	0	0.510476
2932	0	0	0.514915
2933	0	0	0.519354
2934	0	0	0.523792
2935	0	0	0.528232
2936	0	0	0.53267
2937	0	0	0.537109
2938	0	0	0.541548
2939	0	0	0.545987
2940	0	0	0.550426
2941	0	0	0.554865
2942	0	0	0.559304
2943	0	0	0.563743
2944	0	0	0.568182
2945	0	0	0.57262
2946	0	0	0.57706
2947	0	0	0.581498
2948	0	0	0.585938
2949	0	0	0.590376
2950	0	0	0.594815
2951	0	0	0.599255
2952	0	0	0.603693
2953	0	0	0.608132
2954	0	0	0.612571
2955	0	0	0.61701
2956	0	0	0.621449
2957	0	0	0.625888
2958	0	0	0.630326
2959	0	0	0.634766
2960	0	0	0.639204
2961	0	0	0.643643
2962	0	0	0.648083
2963	0	0	0.652521
2964	0	0	0.65696
2965	0	0	0.661399
2966	0	0	0.665838
2967	0	0	0.670277
2968	0	0	0.674716
2969	0	0	0.679154
2970	0	0	0.683594
2971	0	0	0.688032
2972	0	0	0.692472
2973	0	0	0.696911
2974	0	0	0.701349
2975	0	0	0.705789
2976	0	0	0.710227
2977	0	0	0.714666
2978	0	0	0.719105
2979	0	0	0.723544
2980	0	0	0.727983
2981	0	0	0.732422
2982	0	0	0.73686
2983	0	0	0.7413
2984	0	0	0.745739
2985	0	0	0.750177
2986	0	0	0.754617
2987	0	0	0.759055
2988	0	0	0.763494
2989	0	0	0.767933
2990	0	0	0.772372
2991	0	0	0.776811
2992	0	0	0.78125
2993	0	0	0.785688
2994	0	0	0.790128
2995	0	0	0.794567
2996	0	0	0.799006
2997	0	0	0.803445
2998	0	0	0.807883
2999	0	0	0.812323
3000	0	0	0.816761
3001	0	0	0.8212
3002	0	0	0.825639
3003	0	0	0.830078
3004	0	0	0.834517
3005	0	0	0.838956
3006	0	0	0.843395
3007	0	0	0.847834
3008	0	0	0.852273
3009	0	0	0.856711
3010	0	0	0.861151
3011	0	0	0.865589
3012	0	0	0.870028
3013	0	0	0.874467
3014	0	0	0.878906
3015	0	0	0.883345
3016	0	0	0.887784
3017	0	0	0.892223
3018	0	0	0.896662
3019	0	0	0.901101
3020	0	0	0.90554
3021	0	0	0.909979
3022	0	0	0.914417
3023	0	0	0.918857
3024	0	0	0.923295
3025	0	0	0.927734
3026	0	0	0.932173
3027	0	0	0.936612
3028	0	0	0.941051
3029	0	0	0.94549
3030	0	0	0.949929
3031	0	0	0.954368
3032	0	0	0.958807
3033	0	0	0.963245
3034	0	0	0.967685
3035	0	0	0.972123
3036	0	0	0.976562
3037	0	0	0.981001
3038	0	0	0.98544
3039	0	0	0.98988
3040	0	0	0.994318
3041	0	0	0.998757
3042	0	0	1.0032
3043	0	0	1.00764
3044	0	0	1.01207
3045	0	0	1.01651
3046	0	0	1.02095
3047	0	0	1.02539
3048	0	0	1.02983
3049	0	0	1.03427
3050	0	0	1.03871
3051	0	0	1.04315
3052	0	0	1.04759
3053	0	0	1.05202
3054	0	0	1.05646
3055	0	0	1.0609
3056	0	0	1.06534
3057	0	0	1.06978
3058	0	0	1.07422
3059	0	0	1.07866
3060	0	0	1.0831
3061	0	0	1.08754
3062	0	0	1.09197
3063	0	0	1.09641
3064	0	0	1.10085
3065	0	0	1.10529
3066	0	0	1.10973
3067	0	0	1.11417
3068	0	0	1.11861
3069	0	0	1.12305
3070	0	0	1.12749
3071	0	0	1.13192
3072	0	0	1.13636
3073	0	0	1.1408
3074	0	0	1.14524
3075	0	0	1.14968
3076	0	0	1.15412
3077	0	0	1.15856
3078	0	0	1.163
3079	0	0	1.16744
3080	0	0	1.17188
3081	0	0	1.17631
3082	0	0	1.18075
3083	0	0	1.18519
3084	0	0	1.18963
3085	0	0	1.19407
3086	0	0	1.19851
3087	0	0	1.20295
3088	0	0	1.20739
3089	0	0	1.21183
3090	0	0	1.21626
3091	0	0	1.2207
3092	0	0	1.22514
3093	0	0	1.22958
3094	0	0	1.23402
3095	0	0	1.23846
3096	0	0	1.2429
3097	0	0	1.24734
3098	0	0	1.25178
3099	0	0	1.25621
3100	0	0	1.26065
3101	0	0	1.26509
3102	0	0	1.26953
3103	0	0	1.27397
3104	0	0	1.27841
3105	0	0	1.28285
3106	0	0	1.28729
3107	0	0	1.29173
3108	0	0	1.29616
3109	0	0	1.3006
3110	0	0	1.30504
3111	0	0	1.30948
3112	0	0	1.31392
3113	0	0	1.31836
3114	0	0	1.3228
3115	0	0	1.32724
3116	0	0	1.33168
3117	0	0	1.33611
3118	0	0	1.34055
3119	0	0	1.34499
3120	0	0	1.34943
3121	0	0	1.35387
3122	0	0	1.35831
3123	0	0	1.36275
3124	0	0	1.36719
3125	0	0	1.37163
3126	0	0	1.37607
3127	0	0	1.3805
3128	0	0	1.38494
3129	0	0	1.38938
3130	0	0	1.39382
3131	0	0	1.39826
3132	0	0	1.4027
3133	0	0	1.40714
3134	0	0	1.41158
3135	0	0	1.41602
3136	0	0	1.42045
3137	0	0	1.42489
3138	0	0	1.42933
3139	0	0	1.43377
3140	0	0	1.43821
3141	0	0	1.44265
3142	0	0	1.44709
3143	0	0	1.45153
3144	0	0	1.45597
3145	0	0	1.4604
3146	0	0	1.46484
3147	0	0	1.46928
3148	0	0	1.47372
3149	0	0	1.47816
3150	0	0	1.4826
3151	0	0	1.48704
3152	0	0	1.49148
3153	0	0	1.49592
3154	0	0	1.50035
3155	0	0	1.50479
3156	0	0	1.50923
3157	0	0	1.51367
3158	0	0	1.51811
3159	0	0	1.52255
3160	0	0	1.52699
3161	0	0	1.53143
3162	0	0	1.53587
3163	0	0	1.54031
3164	0	0	1.54474
3165	0	0	1.54918
3166	0	0	1.55362
3167	0	0	1.55806
3168	0	0	1.5625
3169	0	0	1.56694
3170	0	0	1.57138
3171	0	0	1.57582
3172	0	0	1.58026
3173	0	0	1.58469
3174	0	0	1.58913
3175	0	0	1.59357
3176	0	0	1.59801
3177	0	0	1.60245
3178	0	0	1.60689
3179	0	0	1.61133
3180	0	0	1.61577
3181	0	0	1.62021
3182	0	0	1.62464
3183	0	0	1.62908
3184	0	0	1.63352
3185	0	0	1.63796
3186	0	0	1.6424
3187	0	0	1.64684
3188	0	0	1.65128
3189	0	0	1.65572
3190	0	0	1.66016
3191	0	0	1.66459
3192	0	0	1.66903
3193	0	0	1.67347
3194	0	0	1.67791
3195	0	0	1.68235
3196	0	0	1.68679
3197	0	0	1.69123
3198	0	0	1.69567
3199	0	0	1.70011
3200	0	0	1.70455
3201	0	0	1.70898
3202	0	0	1.71342
3203	0	0	1.71786
3204	0	0	1.7223
3205	0	0	1.72674
3206	0	0	1.73118
3207	0	0	1.73562
3208	0	0	1.74006
3209	0	0	1.7445
3210	0	0	1.74893
3211	0	0	1.75337
3212	0	0	1.75781
3213	0	0	1.76225
3214	0	0	1.76669
3215	0	0	1.77113
3216	0	0	1.77557
3217	0	0	1.78001
3218	0	0	1.78445
3219	0	0	1.78889
3220	0	0	1.79332
3221	0	0	1.79776
3222	0	0	1.8022
3223	0	0	1.80664
3224	0	0	1.81108
3225	0	0	1.81552
3226	0	0	1.81996
3227	0	0	1.8244
3228	0	0	1.82884
3229	0	0	1.83327
3230	0	0	1.83771
3231	0	0	1.84215
3232	0	0	1.84659
3233	0	0	1.85103
3234	0	0	1.85547
3235	0	0	1.85991
3236	0	0	1.86435
3237	0	0	1.86878
3238	0	0	1.87322
3239	0	0	1.87766
3240	0	0	1.8821
3241	0	0	1.88654
3242	0	0	1.89098
3243	0	0	1.89542
3244	0	0	1.89986
3245	0	0	1.9043
3246	0	0	1.90874
3247	0	0	1.91317
3248	0	0	1.91761
3249	0	0	1.92205
3250	0	0	1.92649
3251	0	0	1.93093
3252	0	0	1.93537
3253	0	0	1.93981
3254	0	0	1.94425
3255	0	0	1.94869
3256	0	0	1.95312
3257	0	0	1.95756
3258	0	0	1.962
3259	0	0	1.96644
3260	0	0	1.97088
3261	0	0	1.97532
3262	0	0	1.97976
3263	0	0	1.9842
3264	0	0	1.98864
3265	0	0	1.99308
3266	0	0	1.99751
3267	0	0	2.00195
3268	0	0	2.00639
3269	0	0	2.01083
3270	0	0	2.01527
3271	0	0	2.01971
3272	0	0	2.02415
3273	0	0	2.02859
3274	0	0	2.03303
3275	0	0	2.03746
3276	0	0	2.0419
3277	0	0	2.04634
3278	0	0	2.05078
3279	0	0	2.05522
3280	0	0	2.05966
3281	0	0	2.0641
3282	0	0	2.06854
3283	0	0	2.07298
3284	0	0	2.07741
3285	0	0	2.08185
3286	0	0	2.08629
3287	0	0	2.09073
3288	0	0	2.09517
3289	0	0	2.09961
3290	0	0	2.10405
3291	0	0	2.10849
3292	0	0	2.11293
3293	0	0	2.11736
3294	0	0	2.1218
3295	0	0	2.12624
3296	0	0	2.13068
3297	0	0	2.13512
3298	0	0	2.13956
3299	0	0	2.144
3300	0	0	2.14844
3301	0	0	2.15288
3302	0	0	2.15732
3303	0	0	2.16175
3304	0	0	2.16619
3305	0	0	2.17063
3306	0	0	2.17507
3307	0	0	2.17951
3308	0	0	2.18395
3309	0	0	2.18839
3310	0	0	2.19283
3311	0	0	2.19727
3312	0	0	2.2017
3313	0	0	2.20614
3314	0	0	2.21058
3315	0	0	2.21502
3316	0	0	2.21946
3317	0	0	2.2239
3318	0	0	2.22834
3319	0	0	2.23278
3320	0	0	2.23722
3321	0	0	2.24165
3322	0	0	2.24609
3323	0	0	2.25053
3324	0	0	2.25497
3325	0	0	2.25941
3326	0	0	2.26385
3327	0	0	2.26829
3328	0	0	2.27273
3329	0	0	2.27717
3330	0	0	2.2816
3331	0	0	2.28604
3332	0	0	2.29048
3333	0	0	2.29492
3334	0	0	2.29936
3335	0	0	2.3038
3336	0	0	2.30824
3337	0	0	2.31268
3338	0	0	2.31712
3339	0	0	2.32156
3340	0	0	2.32599
3341	0	0	2.33043
3342	0	0	2.33487
3343	0	0	2.33931
3344	0	0	2.34375
3345	0	0	2.34819
3346	0	0	2.35263
3347	0	0	2.35707
3348	0	0	2.36151
3349	0	0	2.36594
3350	0	0	2.37038
3351	0	0	2.37482
3352	0	0	2.37926
3353	0	0	2.3837
3354	0	0	2.38814
3355	0	0	2.39258
3356	0	0	2.39702
3357	0	0	2.40146
3358	0	0	2.40589
3359	0	0	2.41033
3360	0	0	2.41477
3361	0	0	2.41921
3362	0	0	2.42365
3363	0	0	2.42809
3364	0	0	2.43253
3365	0	0	2.43697
3366	0	0	2.44141
3367	0	0	2.44584
3368	0	0	2.45028
3369	0	0	2.45472
3370	0	0	2.45916
3371	0	0	2.4636
3372	0	0	2.46804
3373	0	0	2.47248
3374	0	0	2.47692
3375	0	0	2.48136
3376	0	0	2.4858
3377	0	0	2.49023
3378	0	0	2.49467
3379	0	0	2.49911
3380	0	0	2.50355
3381	0	0	2.50799
3382	0	0	2.51243
3383	0	0	2.51687
3384	0	0	2.52131
3385	0	0	2.52575
3386	0	0	2.53018
3387	0	0	2.53462
3388	0	0	2.53906
3389	0	0	2.5435
3390	0	0	2.54794
3391	0	0	2.55238
3392	0	0	2.55682
3393	0	0	2.56126
3394	0	0	2.5657
3395	0	0	2.57014
3396	0	0	2.57457
3397	0	0	2.57901
3398	0	0	2.58345
3399	0	0	2.58789
3400	0	0	2.59233
3401	0	0	2.59677
3402	0	0	2.60121
3403	0	0	2.60565
3404	0	0	2.61009
3405	0	0	2.61452
3406	0	0	2.61896
3407	0	0	2.6234
3408	0	0	2.62784
3409	0	0	2.63228
3410	0	0	2.63672
3411	0	0	2.64116
3412	0	0	2.6456
3413	0	0	2.65003
3414	0	0	2.65447
3415	0	0	2.65891
3416	0	0	2.66335
3417	0	0	2.66779
3418	0	0	2.67223
3419	0	0	2.67667
3420	0	0	2.68111
3421	0	0	2.68555
3422	0	0	2.68999
3423	0	0	2.69442
3424	0	0	2.69886
3425	0	0	2.7033
3426	0	0	2.70774
3427	0	0	2.71218
3428	0	0	2.71662
3429	0	0	2.72106
3430	0	0	2.7255
3431	0	0	2.72994
3432	0	0	2.73438
3433	0	0	2.73881
3434	0	0	2.74325
3435	0	0	2.74769
3436	0	0	2.75213
3437	0	0	2.75657
3438	0	0	2.76101
3439	0	0	2.76545
3440	0	0	2.76989
3441	0	0	2.77433
3442	0	0	2.77876
3443	0	0	2.7832
3444	0	0	2.78764
3445	0	0	2.79208
3446	0	0	2.79652
3447	0	0	2.80096
3448	0	0	2.8054
3449	0	0	2.80984
3450	0	0	2.81428
3451	0	0	2.81871
3452	0	0	2.82315
3453	0	0	2.82759
3454	0	0	2.83203
3455	0	0	2.83647
3456	0	0	2.84091
3457	0	0	2.84535
3458	0	0	2.84979
3459	0	0	2.85423
3460	0	0	2.85866
3461	0	0	2.8631
3462	0	0	2.86754
3463	0	0	2.87198
3464	0	0	2.87642
3465	0	0	2.88086
3466	0	0	2.8853
3467	0	0	2.88974
3468	0	0	2.89418
3469	0	0	2.89861
3470	0	0	2.90305
3471	0	0	2.90749
3472	0	0	2.91193
3473	0	0	2.91637
3474	0	0	2.92081
3475	0	0	2.92525
3476	0	0	2.92969
3477	0	0	2.93413
3478	0	0	2.93857
3479	0	0	2.943
3480	0	0	2.94744
3481	0	0	2.95188
3482	0	0	2.95632
3483	0	0	2.96076
3484	0	0	2.9652
3485	0	0	2.96964
3486	0	0	2.97408
3487	0	0	2.97852
3488	0	0	2.98295
3489	0	0	2.98739
3490	0	0	2.99183
3491	0	0	2.99627
3492	0	0	3.00071
3493	0	0	3.00515
3494	0	0	3.00959
3495	0	0	3.01403
3496	0	0	3.01847
3497	0	0	3.0229
3498	0	0	3.02734
3499	0	0	3.03178
3500	0	0	3.03622
3501	0	0	3.04066
3502	0	0	3.0451
3503	0	0	3.04954
3504	0	0	3.05398
3505	0	0	3.05842
3506	0	0	3.06285
3507	0	0	3.06729
3508	0	0	3.07173
3509	0	0	3.07617
3510	0	0	3.08061
3511	0	0	3.08505
3512	0	0	3.08949
3513	0	0	3.09393
3514	0	0	3.09837
3515	0	0	3.10281
3516	0	0	3.10724
3517	0	0	3.11168
3518	0	0	3.11612
3519	0	0	3.12056
3520	0	0	3.125
3521	0	0	3.12944
3522	0	0	3.13388
3523	0	0	3.13832
3524	0	0	3.14276
3525	0	0	3.14719
3526	0	0	3.15163
3527	0	0	3.15607
3528	0	0	3.16051
3529	0	0	3.16495
3530	0	0	3.16939
3531	0	0	3.17383
3532	0	0	3.17827
3533	0	0	3.18271
3534	0	0	3.18714
3535	0	0	3.19158
3536	0	0	3.19602
3537	0	0	3.20046
3538	0	0	3.2049
3539	0	0	3.20934
3540	0	0	3.21378
3541	0	0	3.21822
3542	0	0	3.22266
3543	0	0	3.22709
3544	0	0	3.23153
3545	0	0	3.23597
3546	0	0	3.24041
3547	0	0	3.24485
3548	0	0	3.24929
3549	0	0	3.25373
3550	0	0	3.25817
3551	0	0	3.26261
3552	0	0	3.26705
3553	0	0	3.27148
3554	0	0	3.27592
3555	0	0	3.28036
3556	0	0	3.2848
3557	0	0	3.28924
3558	0	0	3.29368
3559	0	0	3.29812
3560	0	0	3.30256
3561	0	0	3.307
3562	0	0	3.31143
3563	0	0	3.31587
3564	0	0	3.32031
3565	0	0	3.32475
3566	0	0	3.32919
3567	0	0	3.33363
3568	0	0	3.33807
3569	0	0	3.34251
3570	0	0	3.34695
3571	0	0	3.35139
3572	0	0	3.35582
3573	0	0	3.36026
3574	0	0	3.3647
3575	0	0	3.36914
3576	0	0	3.37358
3577	0	0	3.37802
3578	0	0	3.38246
3579	0	0	3.3869
3580	0	0	3.39134
3581	0	0	3.39577
3582	0	0	3.40021
3583	0	0	3.40465
3584	0	0	3.40909
3585	0	0	3.41353
3586	0	0	3.41797
3587	0	0	3.42241
3588	0	0	3.42685
3589	0	0	3.43128
3590	0	0	3.43572
3591	0	0	3.44016
3592	0	0	3.4446
3593	0	0	3.44904
3594	0	0	3.45348
3595	0	0	3.45792
3596	0	0	3.46236
3597	0	0	3.4668
3598	0	0	3.47124
3599	0	0	3.47567
3600	0	0	3.48011
3601	0	0	3.48455
3602	0	0	3.48899
3603	0	0	3.49343
3604	0	0	3.49787
3605	0	0	3.50231
3606	0	0	3.50675
3607	0	0	3.51119
3608	0	0	3.51562
3609	0	0	3.52006
3610	0	0	3.5245
3611	0	0	3.52894
3612	0	0	3.53338
3613	0	0	3.53782
3614	0	0	3.54226
3615	0	0	3.5467
3616	0	0	3.55114
3617	0	0	3.55557
3618	0	0	3.56001
3619	0	0	3.56445
3620	0	0	3.56889
3621	0	0	3.57333
3622	0	0	3.57777
3623	0	0	3.58221
3624	0	0	3.58665
3625	0	0	3.59109
3626	0	0	3.59553
3627	0	0	3.59996
3628	0	0	3.6044
3629	0	0	3.60884
3630	0	0	3.61328
3631	0	0	3.61772
3632	0	0	3.62216
3633	0	0	3.6266
3634	0	0	3.63104
3635	0	0	3.63548
3636	0	0	3.63992
3637	0	0	3.64435
3638	0	0	3.64879
3639	0	0	3.65323
3640	0	0	3.65767
3641	0	0	3.66211
3642	0	0	3.66655
3643	0	0	3.67099
3644	0	0	3.67543
3645	0	0	3.67986
3646	0	0	3.6843
3647	0	0	3.68874
3648	0	0	3.69318
3649	0	0	3.69762
3650	0	0	3.70206
3651	0	0	3.7065
3652	0	0	3.71094
3653	0	0	3.71538
3654	0	0	3.71981
3655	0	0	3.72425
3656	0	0	3.72869
3657	0	0	3.73313
3658	0	0	3.73757
3659	0	0	3.74201
3660	0	0	3.74645
3661	0	0	3.75089
3662	0	0	3.75533
3663	0	0	3.75977
3664	0	0	3.7642
3665	0	0	3.76864
3666	0	0	3.77308
3667	0	0	3.77752
3668	0	0	3.78196
3669	0	0	3.7864
3670	0	0	3.79084
3671	0	0	3.79528
3672	0	0	3.79972
3673	0	0	3.80416
3674	0	0	3.80859
3675	0	0	3.81303
3676	0	0	3.81747
3677	0	0	3.82191
3678	0	0	3.82635
3679	0	0	3.83079
3680	0	0	3.83523
3681	0	0	3.83967
3682	0	0	3.8441
3683	0	0	3.84854
3684	0	0	3.85298
3685	0	0	3.85742
3686	0	0	3.86186
3687	0	0	3.8663
3688	0	0	3.87074
3689	0	0	3.87518
3690	0	0	3.87962
3691	0	0	3.88406
3692	0	0	3.88849
3693	0	0	3.89293
3694	0	0	3.89737
3695	0	0	3.90181
3696	0	0	3.90625
3697	0	0	3.91069
3698	0	0	3.91513
3699	0	0	3.91957
3700	0	0	3.92401
3701	0	0	3.92844
3702	0	0	3.93288
3703	0	0	3.93732
3704	0	0	3.94176
3705	0	0	3.9462
3706	0	0	3.95064
3707	0	0	3.95508
3708	0	0	3.95952
3709	0	0	3.96395
3710	0	0	3.9684
3711	0	0	3.97283
3712	0	0	3.97727
3713	0	0	3.98171
3714	0	0	3.98615
3715	0	0	3.99059
3716	0	0	3.99503
3717	0	0	3.99947
3718	0	0	4.00391
3719	0	0	4.00834
3720	0	0	4.01278
3721	0	0	4.01722
3722	0	0	4.02166
3723	0	0	4.0261
3724	0	0	4.03054
3725	0	0	4.03498
3726	0	0	4.03942
3727	0	0	4.04386
3728	0	0	4.0483
3729	0	0	4.05273
3730	0	0	4.05717
3731	0	0	4.06161
3732	0	0	4.06605
3733	0	0	4.07049
3734	0	0	4.07493
3735	0	0	4.07937
3736	0	0	4.08381
3737	0	0	4.08825
3738	0	0	4.09268
3739	0	0	4.09712
3740	0	0	4.10156
3741	0	0	4.106
3742	0	0	4.11044
3743	0	0	4.11488
3744	0	0	4.11932
3745	0	0	4.12376
3746	0	0	4.1282
3747	0	0	4.13264
3748	0	0	4.13707
3749	0	0	4.14151
3750	0	0	4.14595
3751	0	0	4.15039
3752	0	0	4.15483
3753	0	0	4.15927
3754	0	0	4.16371
3755	0	0	4.16815
3756	0	0	4.17258
3757	0	0	4.17702
3758	0	0	4.18146
3759	0	0	4.1859
3760	0	0	4.19034
3761	0	0	4.19478
3762	0	0	4.19922
3763	0	0	4.20366
3764	0	0	4.2081
3765	0	0	4.21254
3766	0	0	4.21697
3767	0	0	4.22141
3768	0	0	4.22585
3769	0	0	4.23029
3770	0	0	4.23473
3771	0	0	4.23917
3772	0	0	4.24361
3773	0	0	4.24805
3774	0	0	4.25249
3775	0	0	4.25692
3776	0	0	4.26136
3777	0	0	4.2658
3778	0	0	4.27024
3779	0	0	4.27468
3780	0	0	4.27912
3781	0	0	4.28356
3782	0	0	4.288
3783	0	0	4.29244
3784	0	0	4.29688
3785	0	0	4.30131
3786	0	0	4.30575
3787	0	0	4.31019
3788	0	0	4.31463
3789	0	0	4.31907
3790	0	0	4.32351
3791	0	0	4.32795
3792	0	0	4.33239
3793	0	0	4.33682
3794	0	0	4.34126
3795	0	0	4.3457
3796	0	0	4.35014
3797	0	0	4.35458
3798	0	0	4.35902
3799	0	0	4.36346
3800	0	0	4.3679
3801	0	0	4.37234
3802	0	0	4.37678
3803	0	0	4.38121
3804	0	0	4.38565
3805	0	0	4.39009
3806	0	0	4.39453
3807	0	0	4.39897
3808	0	0	4.40341
3809	0	0	4.40785
3810	0	0	4.41229
3811	0	0	4.41673
3812	0	0	4.42117
3813	0	0	4.4256
3814	0	0	4.43004
3815	0	0	4.43448
3816	0	0	4.43892
3817	0	0	4.44336
3818	0	0	4.4478
3819	0	0	4.45224
3820	0	0	4.45668
3821	0	0	4.46111
3822	0	0	4.46555
3823	0	0	4.46999
3824	0	0	4.47443
3825	0	0	4.47887
3826	0	0	4.48331
3827	0	0	4.48775
3828	0	0	4.49219
3829	0	0	4.49663
3830	0	0	4.50106
3831	0	0	4.5055
3832	0	0	4.50994
3833	0	0	4.51438
3834	0	0	4.51882
3835	0	0	4.52326
3836	0	0	4.5277
3837	0	0	4.53214
3838	0	0	4.53658
3839	0	0	4.54102
3840	0	0	4.54545
3841	0	0	4.54989
3842	0	0	4.55433
3843	0	0	4.55877
3844	0	0	4.56321
3845	0	0	4.56765
3846	0	0	4.57209
3847	0	0	4.57653
3848	0	0	4.58097
3849	0	0	4.58541
3850	0	0	4.58984
3851	0	0	4.59428
3852	0	0	4.59872
3853	0	0	4.60316
3854	0	0	4.6076
3855	0	0	4.61204
3856	0	0	4.61648
3857	0	0	4.62092
3858	0	0	4.62535
3859	0	0	4.62979
3860	0	0	4.63423
3861	0	0	4.63867
3862	0	0	4.64311
3863	0	0	4.64755
3864	0	0	4.65199
3865	0	0	4.65643
3866	0	0	4.66087
3867	0	0	4.66531
3868	0	0	4.66974
3869	0	0	4.67418
3870	0	0	4.67862
3871	0	0	4.68306
3872	0	0	4.6875
3873	0	0	4.69194
3874	0	0	4.69638
3875	0	0	4.70082
3876	0	0	4.70526
3877	0	0	4.70969
3878	0	0	4.71413
3879	0	0	4.71857
3880	0	0	4.72301
3881	0	0	4.72745
3882	0	0	4.73189
3883	0	0	4.73633
3884	0	0	4.74077
3885	0	0	4.7452
3886	0	0	4.74965
3887	0	0	4.75408
3888	0	0	4.75852
3889	0	0	4.76296
3890	0	0	4.7674
3891	0	0	4.77184
3892	0	0	4.77628
3893	0	0	4.78072
3894	0	0	4.78516
3895	0	0	4.78959
3896	0	0	4.79403
3897	0	0	4.79847
3898	0	0	4.80291
3899	0	0	4.80735
3900	0	0	4.81179
3901	0	0	4.81623
3902	0	0	4.82067
3903	0	0	4.82511
3904	0	0	4.82955
3905	0	0	4.83398
3906	0	0	4.83842
3907	0	0	4.84286
3908	0	0	4.8473
3909	0	0	4.85174
3910	0	0	4.85618
3911	0	0	4.86062
3912	0	0	4.86506
3913	0	0	4.8695
3914	0	0	4.87393
3915	0	0	4.87837
3916	0	0	4.88281
3917	0	0	4.88725
3918	0	0	4.89169
3919	0	0	4.89613
3920	0	0	4.90057
3921	0	0	4.90501
3922	0	0	4.90945
3923	0	0	4.91389
3924	0	0	4.91832
3925	0	0	4.92276
3926	0	0	4.9272
3927	0	0	4.93164
3928	0	0	4.93608
3929	0	0	4.94052
3930	0	0	4.94496
3931	0	0	4.9494
3932	0	0	4.95383
3933	0	0	4.95827
3934	0	0	4.96271
3935	0	0	4.96715
3936	0	0	4.97159
3937	0	0	4.97603
3938	0	0	4.98047
3939	0	0	4.98491
3940	0	0	4.98935
3941	0	0	4.99379
3942	0	0	4.99822
3943	0	0	5.00266
3944	0	0	5.0071
3945	0	0	5.01154
3946	0	0	5.01598
3947	0	0	5.02042
3948	0	0	5.02486
3949	0	0	5.0293
3950	0	0	5.03374
3951	0	0	5.03817
3952	0	0	5.04261
3953	0	0	5.04705
3954	0	0	5.05149
3955	0	0	5.05593
3956	0	0	5.06037
3957	0	0	5.06481
3958	0	0	5.06925
3959	0	0	5.07369
3960	0	0	5.07812
3961	0	0	5.08256
3962	0	0	5.087
3963	0	0	5.09144
3964	0	0	5.09588
3965	0	0	5.10032
3966	0	0	5.10476
3967	0	0	5.1092
3968	0	0	5.11364
3969	0	0	5.11807
3970	0	0	5.12251
3971	0	0	5.12695
3972	0	0	5.13139
3973	0	0	5.13583
3974	0	0	5.14027
3975	0	0	5.14471
3976	0	0	5.14915
3977	0	0	5.15359
3978	0	0	5.15803
3979	0	0	5.16246
3980	0	0	5.1669
3981	0	0	5.17134
3982	0	0	5.17578
3983	0	0	5.18022
3984	0	0	5.18466
3985	0	0	5.1891
3986	0	0	5.19354
3987	0	0	5.19798
3988	0	0	5.20242
3989	0	0	5.20685
3990	0	0	5.21129
3991	0	0	5.21573
3992	0	0	5.22017
3993	0	0	5.22461
3994	0	0	5.22905
3995	0	0	5.23349
3996	0	0	5.23793
3997	0	0	5.24236
3998	0	0	5.2468
3999	0	0	5.25124
4000	0	0	5.25568
4001	0	0	5.26012
4002	0	0	5.26456
4003	0	0	5.269
4004	0	0	5.27344
4005	0	0	5.27788
4006	0	0	5.28231
4007	0	0	5.28675
4008	0	0	5.29119
4009	0	0	5.29563
4010	0	0	5.30007
4011	0	0	5.30451
4012	0	0	5.30895
4013	0	0	5.31339
4014	0	0	5.31783
4015	0	0	5.32227
4016	0	0	5.3267
4017	0	0	5.33114
4018	0	0	5.33558
4019	0	0	5.34002
4020	0	0	5.34446
4021	0	0	5.3489
4022	0	0	5.35334
4023	0	0	5.35778
4024	0	0	5.36222
4025	0	0	5.36666
4026	0	0	5.37109
4027	0	0	5.37553
4028	0	0	5.37997
4029	0	0	5.38441
4030	0	0	5.38885
4031	0	0	5.39329
4032	0	0	5.39773
4033	0	0	5.40217
4034	0	0	5.4066
4035	0	0	5.41104
4036	0	0	5.41548
4037	0	0	5.41992
4038	0	0	5.42436
4039	0	0	5.4288
4040	0	0	5.43324
4041	0	0	5.43768
4042	0	0	5.44212
4043	0	0	5.44656
4044	0	0	5.45099
4045	0	0	5.45543
4046	0	0	5.45987
4047	0	0	5.46431
4048	0	0	5.46875
4049	0	0	5.47319
4050	0	0	5.47763
4051	0	0	5.48207
4052	0	0	5.48651
4053	0	0	5.49094
4054	0	0	5.49538
4055	0	0	5.49982
4056	0	0	5.50426
4057	0	0	5.5087
4058	0	0	5.51314
4059	0	0	5.51758
4060	0	0	5.52202
4061	0	0	5.52645
4062	0	0	5.5309
4063	0	0	5.53533
4064	0	0	5.53977
4065	0	0	5.54421
4066	0	0	5.54865
4067	0	0	5.55309
4068	0	0	5.55753
4069	0	0	5.56197
4070	0	0	5.56641
4071	0	0	5.57084
4072	0	0	5.57528
4073	0	0	5.57972
4074	0	0	5.58416
4075	0	0	5.5886
4076	0	0	5.59304
4077	0	0	5.59748
4078	0	0	5.60192
4079	0	0	5.60636
4080	0	0	5.6108
4081	0	0	5.61523
4082	0	0	5.61967
4083	0	0	5.62411
4084	0	0	5.62855
4085	0	0	5.63299
4086	0	0	5.63743
4087	0	0	5.64187
4088	0	0	5.64631
4089	0	0	5.65075
4090	0	0	5.65518
4091	0	0	5.65962
4092	0	0	5.66406
4093	0	0	5.6685
4094	0	0	5.67294
4095	0	0	5.67738
4096	0	0	5.68182
4097	0	0	5.68626
4098	0	0	5.6907
4099	0	0	5.69514
4100	0	0	5.69957
4101	0	0	5.70401
4102	0	0	5.70845
4103	0	0	5.71289
4104	0	0	5.71733
4105	0	0	5.72177
4106	0	0	5.72621
4107	0	0	5.73065
4108	0	0	5.73508
4109	0	0	5.73952
4110	0	0	5.74396
4111	0	0	5.7484
4112	0	0	5.75284
4113	0	0	5.75728
4114	0	0	5.76172
4115	0	0	5.76616
4116	0	0	5.7706
4117	0	0	5.77504
4118	0	0	5.77947
4119	0	0	5.78391
4120	0	0	5.78835
4121	0	0	5.79279
4122	0	0	5.79723
4123	0	0	5.80167
4124	0	0	5.80611
4125	0	0	5.81055
4126	0	0	5.81499
4127	0	0	5.81942
4128	0	0	5.82386
4129	0	0	5.8283
4130	0	0	5.83274
4131	0	0	5.83718
4132	0	0	5.84162
4133	0	0	5.84606
4134	0	0	5.8505
4135	0	0	5.85494
4136	0	0	5.85938
4137	0	0	5.86381
4138	0	0	5.86825
4139	0	0	5.87269
4140	0	0	5.87713
4141	0	0	5.88157
4142	0	0	5.88601
4143	0	0	5.89045
4144	0	0	5.89489
4145	0	0	5.89932
4146	0	0	5.90376
4147	0	0	5.9082
4148	0	0	5.91264
4149	0	0	5.91708
4150	0	0	5.92152
4151	0	0	5.92596
4152	0	0	5.9304
4153	0	0	5.93484
4154	0	0	5.93928
4155	0	0	5.94371
4156	0	0	5.94815
4157	0	0	5.95259
4158	0	0	5.95703
4159	0	0	5.96147
4160	0	0	5.96591
4161	0	0	5.97035
4162	0	0	5.97479
4163	0	0	5.97923
4164	0	0	5.98367
4165	0	0	5.9881
4166	0	0	5.99254
4167	0	0	5.99698
4168	0	0	6.00142
4169	0	0	6.00586
4170	0	0	6.0103
4171	0	0	6.01474
4172	0	0	6.01918
4173	0	0	6.02361
4174	0	0	6.02805
4175	0	0	6.03249
4176	0	0	6.03693
4177	0	0	6.04137
4178	0	0	6.04581
4179	0	0	6.05025
4180	0	0	6.05469
4181	0	0	6.05913
4182	0	0	6.06356
4183	0	0	6.068
4184	0	0	6.07244
4185	0	0	6.07688
4186	0	0	6.08132
4187	0	0	6.08576
4188	0	0	6.0902
4189	0	0	6.09464
4190	0	0	6.09908
4191	0	0	6.10352
4192	0	0	6.10795
4193	0	0	6.11239
4194	0	0	6.11683
4195	0	0	6.12127
4196	0	0	6.12571
4197	0	0	6.13015
4198	0	0	6.13459
4199	0	0	6.13903
4200	0	0	6.14347
4201	0	0	6.14791
4202	0	0	6.15234
4203	0	0	6.15678
4204	0	0	6.16122
4205	0	0	6.16566
4206	0	0	6.1701
4207	0	0	6.17454
4208	0	0	6.17898
4209	0	0	6.18342
4210	0	0	6.18785
4211	0	0	6.19229
4212	0	0	6.19673
4213	0	0	6.20117
4214	0	0	6.20561
4215	0	0	6.21005
4216	0	0	6.21449
4217	0	0	6.21893
4218	0	0	6.22337
4219	0	0	6.22781
4220	0	0	6.23224
4221	0	0	6.23668
4222	0	0	6.24112
4223	0	0	6.24556
4224	0	0	6.25
4225	0	0	6.25444
4226	0	0	6.25888
4227	0	0	6.26332
4228	0	0	6.26776
4229	0	0	6.27219
4230	0	0	6.27663
4231	0	0	6.28107
4232	0	0	6.28551
4233	0	0	6.28995
4234	0	0	6.29439
4235	0	0	6.29883
4236	0	0	6.30327
4237	0	0	6.3077
4238	0	0	6.31215
4239	0	0	6.31658
4240	0	0	6.32102
4241	0	0	6.32546
4242	0	0	6.3299
4243	0	0	6.33434
4244	0	0	6.33878
4245	0	0	6.34322
4246	0	0	6.34766
4247	0	0	6.35209
4248	0	0	6.35653
4249	0	0	6.36097
4250	0	0	6.36541
4251	0	0	6.36985
4252	0	0	6.37429
4253	0	0	6.37873
4254	0	0	6.38317
4255	0	0	6.38761
4256	0	0	6.39205
4257	0	0	6.39648
4258	0	0	6.40092
4259	0	0	6.40536
4260	0	0	6.4098
4261	0	0	6.41424
4262	0	0	6.41868
4263	0	0	6.42312
4264	0	0	6.42756
4265	0	0	6.432
4266	0	0	6.43643
4267	0	0	6.44087
4268	0	0	6.44531
4269	0	0	6.44975
4270	0	0	6.45419
4271	0	0	6.45863
4272	0	0	6.46307
4273	0	0	6.46751
4274	0	0	6.47195
4275	0	0	6.47639
4276	0	0	6.48082
4277	0	0	6.48526
4278	0	0	6.4897
4279	0	0	6.49414
4280	0	0	6.49858
4281	0	0	6.50302
4282	0	0	6.50746
4283	0	0	6.5119
4284	0	0	6.51633
4285	0	0	6.52077
4286	0	0	6.52521
4287	0	0	6.52965
4288	0	0	6.53409
4289	0	0	6.53853
4290	0	0	6.54297
4291	0	0	6.54741
4292	0	0	6.55185
4293	0	0	6.55629
4294	0	0	6.56072
4295	0	0	6.56516
4296	0	0	6.5696
4297	0	0	6.57404
4298	0	0	6.57848
4299	0	0	6.58292
4300	0	0	6.58736
4301	0	0	6.5918
4302	0	0	6.59624
4303	0	0	6.60067
4304	0	0	6.60511
4305	0	0	6.60955
4306	0	0	6.61399
4307	0	0	6.61843
4308	0	0	6.62287
4309	0	0	6.62731
4310	0	0	6.63175
4311	0	0	6.63619
4312	0	0	6.64062
4313	0	0	6.64506
4314	0	0	6.6495
4315	0	0	6.65394
4316	0	0	6.65838
4317	0	0	6.66282
4318	0	0	6.66726
4319	0	0	6.6717
4320	0	0	6.67614
4321	0	0	6.68057
4322	0	0	6.68501
4323	0	0	6.68945
4324	0	0	6.69389
4325	0	0	6.69833
4326	0	0	6.70277
4327	0	0	6.70721
4328	0	0	6.71165
4329	0	0	6.71609
4330	0	0	6.72053
4331	0	0	6.72496
4332	0	0	6.7294
4333	0	0	6.73384
4334	0	0	6.73828
4335	0	0	6.74272
4336	0	0	6.74716
4337	0	0	6.7516
4338	0	0	6.75604
4339	0	0	6.76048
4340	0	0	6.76492
4341	0	0	6.76935
4342	0	0	6.77379
4343	0	0	6.77823
4344	0	0	6.78267
4345	0	0	6.78711
4346	0	0	6.79155
4347	0	0	6.79599
4348	0	0	6.80043
4349	0	0	6.80486
4350	0	0	6.8093
4351	0	0	6.81374
4352	0	0	6.81818
4353	0	0	6.82262
4354	0	0	6.82706
4355	0	0	6.8315
4356	0	0	6.83594
4357	0	0	6.84038
4358	0	0	6.84481
4359	0	0	6.84925
4360	0	0	6.85369
4361	0	0	6.85813
4362	0	0	6.86257
4363	0	0	6.86701
4364	0	0	6.87145
4365	0	0	6.87589
4366	0	0	6.88033
4367	0	0	6.88477
4368	0	0	6.8892
4369	0	0	6.89364
4370	0	0	6.89808
4371	0	0	6.90252
4372	0	0	6.90696
4373	0	0	6.9114
4374	0	0	6.91584
4375	0	0	6.92028
4376	0	0	6.92472
4377	0	0	6.92916
4378	0	0	6.93359
4379	0	0	6.93803
4380	0	0	6.94247
4381	0	0	6.94691
4382	0	0	6.95135
4383	0	0	6.95579
4384	0	0	6.96023
4385	0	0	6.96467
4386	0	0	6.9691
4387	0	0	6.97354
4388	0	0	6.97798
4389	0	0	6.98242
4390	0	0	6.98686
4391	0	0	6.9913
4392	0	0	6.99574
4393	0	0	7.00018
4394	0	0	7.00462
4395	0	0	7.00906
4396	0	0	7.01349
4397	0	0	7.01793
4398	0	0	7.02237
4399	0	0	7.02681
4400	0	0	7.03125
4401	0	0	7.03569
4402	0	0	7.04013
4403	0	0	7.04457
4404	0	0	7.04901
4405	0	0	7.05344
4406	0	0	7.05788
4407	0	0	7.06232
4408	0	0	7.06676
4409	0	0	7.0712
4410	0	0	7.07564
4411	0	0	7.08008
4412	0	0	7.08452
4413	0	0	7.08895
4414	0	0	7.0934
4415	0	0	7.09783
4416	0	0	7.10227
4417	0	0	7.10671
4418	0	0	7.11115
4419	0	0	7.11559
4420	0	0	7.12003
4421	0	0	7.12447
4422	0	0	7.12891
4423	0	0	7.13334
4424	0	0	7.13778
4425	0	0	7.14222
4426	0	0	7.14666
4427	0	0	7.1511
4428	0	0	7.15554
4429	0	0	7.15998
4430	0	0	7.16442
4431	0	0	7.16886
4432	0	0	7.1733
4433	0	0	7.17773
4434	0	0	7.18217
4435	0	0	7.18661
4436	0	0	7.19105
4437	0	0	7.19549
4438	0	0	7.19993
4439	0	0	7.20437
4440	0	0	7.20881
4441	0	0	7.21325
4442	0	0	7.21768
4443	0	0	7.22212
4444	0	0	7.22656
4445	0	0	7.231
4446	0	0	7.23544
4447	0	0	7.23988
4448	0	0	7.24432
4449	0	0	7.24876
4450	0	0	7.2532
4451	0	0	7.25764
4452	0	0	7.26207
4453	0	0	7.26651
4454	0	0	7.27095
4455	0	0	7.27539
4456	0	0	7.27983
4457	0	0	7.28427
4458	0	0	7.28871
4459	0	0	7.29315
4460	0	0	7.29758
4461	0	0	7.30202
4462	0	0	7.30646
4463	0	0	7.3109
4464	0	0	7.31534
4465	0	0	7.31978
4466	0	0	7.32422
4467	0	0	7.32866
4468	0	0	7.3331
4469	0	0	7.33754
4470	0	0	7.34197
4471	0	0	7.34641
4472	0	0	7.35085
4473	0	0	7.35529
4474	0	0	7.35973
4475	0	0	7.36417
4476	0	0	7.36861
4477	0	0	7.37305
4478	0	0	7.37749
4479	0	0	7.38192
4480	0	0	7.38636
4481	0	0	7.3908
4482	0	0	7.39524
4483	0	0	7.39968
4484	0	0	7.40412
4485	0	0	7.40856
4486	0	0	7.413
4487	0	0	7.41744
4488	0	0	7.42188
4489	0	0	7.42631
4490	0	0	7.43075
4491	0	0	7.43519
4492	0	0	7.43963
4493	0	0	7.44407
4494	0	0	7.44851
4495	0	0	7.45295
4496	0	0	7.45739
4497	0	0	7.46182
4498	0	0	7.46626
4499	0	0	7.4707
4500	0	0	7.47514
4501	0	0	7.47958
4502	0	0	7.48402
4503	0	0	7.48846
4504	0	0	7.4929
4505	0	0	7.49734
4506	0	0	7.50178
4507	0	0	7.50621
4508	0	0	7.51065
4509	0	0	7.51509
4510	0	0	7.51953
4511	0	0	7.52397
4512	0	0	7.52841
4513	0	0	7.53285
4514	0	0	7.53729
4515	0	0	7.54173
4516	0	0	7.54617
4517	0	0	7.5506
4518	0	0	7.55504
4519	0	0	7.55948
4520	0	0	7.56392
4521	0	0	7.56836
4522	0	0	7.5728
4523	0	0	7.57724
4524	0	0	7.58168
4525	0	0	7.58611
4526	0	0	7.59055
4527	0	0	7.59499
4528	0	0	7.59943
4529	0	0	7.60387
4530	0	0	7.60831
4531	0	0	7.61275
4532	0	0	7.61719
4533	0	0	7.62163
4534	0	0	7.62606
4535	0	0	7.6305
4536	0	0	7.63494
4537	0	0	7.63938
4538	0	0	7.64382
4539	0	0	7.64826
4540	0	0	7.6527
4541	0	0	7.65714
4542	0	0	7.66158
4543	0	0	7.66602
4544	0	0	7.67045
4545	0	0	7.67489
4546	0	0	7.67933
4547	0	0	7.68377
4548	0	0	7.68821
4549	0	0	7.69265
4550	0	0	7.69709
4551	0	0	7.70153
4552	0	0	7.70597
4553	0	0	7.71041
4554	0	0	7.71484
4555	0	0	7.71928
4556	0	0	7.72372
4557	0	0	7.72816
4558	0	0	7.7326
4559	0	0	7.73704
4560	0	0	7.74148
4561	0	0	7.74592
4562	0	0	7.75035
4563	0	0	7.75479
4564	0	0	7.75923
4565	0	0	7.76367
4566	0	0	7.76811
4567	0	0	7.77255
4568	0	0	7.77699
4569	0	0	7.78143
4570	0	0	7.78587
4571	0	0	7.79031
4572	0	0	7.79474
4573	0	0	7.79918
4574	0	0	7.80362
4575	0	0	7.80806
4576	0	0	7.8125
4577	0	0	7.81694
4578	0	0	7.82138
4579	0	0	7.82582
4580	0	0	7.83026
4581	0	0	7.83469
4582	0	0	7.83913
4583	0	0	7.84357
4584	0	0	7.84801
4585	0	0	7.85245
4586	0	0	7.85689
4587	0	0	7.86133
4588	0	0	7.86577
4589	0	0	7.8702
4590	0	0	7.87465
4591	0	0	7.87908
4592	0	0	7.88352
4593	0	0	7.88796
4594	0	0	7.8924
4595	0	0	7.89684
4596	0	0	7.90128
4597	0	0	7.90572
4598	0	0	7.91016
4599	0	0	7.91459
4600	0	0	7.91903
4601	0	0	7.92347
4602	0	0	7.92791
4603	0	0	7.93235
4604	0	0	7.93679
4605	0	0	7.94123
4606	0	0	7.94567
4607	0	0	7.95011
4608	0	0	7.95455
4609	0	0	7.95898
4610	0	0	7.96342
4611	0	0	7.96786
4612	0	0	7.9723
4613	0	0	7.97674
4614	0	0	7.98118
4615	0	0	7.98562
4616	0	0	7.99006
4617	0	0	7.9945
4618	0	0	7.99893
4619	0	0	8.00337
4620	0	0	8.00781
4621	0	0	8.01225
4622	0	0	8.01669
4623	0	0	8.02113
4624	0	0	8.02557
4625	0	0	8.03001
4626	0	0	8.03445
4627	0	0	8.03889
4628	0	0	8.04332
4629	0	0	8.04776
4630	0	0	8.0522
4631	0	0	8.05664
4632	0	0	8.06108
4633	0	0	8.06552
4634	0	0	8.06996
4635	0	0	8.0744
4636	0	0	8.07883
4637	0	0	8.08327
4638	0	0	8.08771
4639	0	0	8.09215
4640	0	0	8.09659
4641	0	0	8.10103
4642	0	0	8.10547
4643	0	0	8.10991
4644	0	0	8.11435
4645	0	0	8.11879
4646	0	0	8.12322
4647	0	0	8.12766
4648	0	0	8.1321
4649	0	0	8.13654
4650	0	0	8.14098
4651	0	0	8.14542
4652	0	0	8.14986
4653	0	0	8.1543
4654	0	0	8.15874
4655	0	0	8.16317
4656	0	0	8.16761
4657	0	0	8.17205
4658	0	0	8.17649
4659	0	0	8.18093
4660	0	0	8.18537
4661	0	0	8.18981
4662	0	0	8.19425
4663	0	0	8.19869
4664	0	0	8.20312
4665	0	0	8.20756
4666	0	0	8.212
4667	0	0	8.21644
4668	0	0	8.22088
4669	0	0	8.22532
4670	0	0	8.22976
4671	0	0	8.2342
4672	0	0	8.23864
4673	0	0	8.24307
4674	0	0	8.24751
4675	0	0	8.25195
4676	0	0	8.25639
4677	0	0	8.26083
4678	0	0	8.26527
4679	0	0	8.26971
4680	0	0	8.27415
4681	0	0	8.27859
4682	0	0	8.28303
4683	0	0	8.28746
4684	0	0	8.2919
4685	0	0	8.29634
4686	0	0	8.30078
4687	0	0	8.30522
4688	0	0	8.30966
4689	0	0	8.3141
4690	0	0	8.31854
4691	0	0	8.32298
4692	0	0	8.32742
4693	0	0	8.33185
4694	0	0	8.33629
4695	0	0	8.34073
4696	0	0	8.34517
4697	0	0	8.34961
4698	0	0	8.35405
4699	0	0	8.35849
4700	0	0	8.36293
4701	0	0	8.36736
4702	0	0	8.3718
4703	0	0	8.37624
4704	0	0	8.38068
4705	0	0	8.38512
4706	0	0	8.38956
4707	0	0	8.394
4708	0	0	8.39844
4709	0	0	8.40288
4710	0	0	8.40731
4711	0	0	8.41175
4712	0	0	8.41619
4713	0	0	8.42063
4714	0	0	8.42507
4715	0	0	8.42951
4716	0	0	8.43395
4717	0	0	8.43839
4718	0	0	8.44283
4719	0	0	8.44727
4720	0	0	8.4517
4721	0	0	8.45614
4722	0	0	8.46058
4723	0	0	8.46502
4724	0	0	8.46946
4725	0	0	8.4739
4726	0	0	8.47834
4727	0	0	8.48278
4728	0	0	8.48722
4729	0	0	8.49166
4730	0	0	8.49609
4731	0	0	8.50053
4732	0	0	8.50497
4733	0	0	8.50941
4734	0	0	8.51385
4735	0	0	8.51829
4736	0	0	8.52273
4737	0	0	8.52717
4738	0	0	8.5316
4739	0	0	8.53604
4740	0	0	8.54048
4741	0	0	8.54492
4742	0	0	8.54936
4743	0	0	8.5538
4744	0	0	8.55824
4745	0	0	8.56268
4746	0	0	8.56712
4747	0	0	8.57156
4748	0	0	8.57599
4749	0	0	8.58043
4750	0	0	8.58487
4751	0	0	8.58931
4752	0	0	8.59375
4753	0	0	8.59819
4754	0	0	8.60263
4755	0	0	8.60707
4756	0	0	8.61151
4757	0	0	8.61594
4758	0	0	8.62038
4759	0	0	8.62482
4760	0	0	8.62926
4761	0	0	8.6337
4762	0	0	8.63814
4763	0	0	8.64258
4764	0	0	8.64702
4765	0	0	8.65145
4766	0	0	8.6559
4767	0	0	8.66033
4768	0	0	8.66477
4769	0	0	8.66921
4770	0	0	8.67365
4771	0	0	8.67809
4772	0	0	8.68253
4773	0	0	8.68697
4774	0	0	8.69141
4775	0	0	8.69584
4776	0	0	8.70028
4777	0	0	8.70472
4778	0	0	8.70916
4779	0	0	8.7136
4780	0	0	8.71804
4781	0	0	8.72248
4782	0	0	8.72692
4783	0	0	8.73136
4784	0	0	8.7358
4785	0	0	8.74023
4786	0	0	8.74467
4787	0	0	8.74911
4788	0	0	8.75355
4789	0	0	8.75799
4790	0	0	8.76243
4791	0	0	8.76687
4792	0	0	8.77131
4793	0	0	8.77575
4794	0	0	8.78018
4795	0	0	8.78462
4796	0	0	8.78906
4797	0	0	8.7935
4798	0	0	8.79794
4799	0	0	8.80238
4800	0	0	8.80682
4801	0	0	8.81126
4802	0	0	8.8157
4803	0	0	8.82014
4804	0	0	8.82457
4805	0	0	8.82901
4806	0	0	8.83345
4807	0	0	8.83789
4808	0	0	8.84233
4809	0	0	8.84677
4810	0	0	8.85121
4811	0	0	8.85565
4812	0	0	8.86008
4813	0	0	8.86452
4814	0	0	8.86896
4815	0	0	8.8734
4816	0	0	8.87784
4817	0	0	8.88228
4818	0	0	8.88672
4819	0	0	8.89116
4820	0	0	8.8956
4821	0	0	8.90004
4822	0	0	8.90447
4823	0	0	8.90891
4824	0	0	8.91335
4825	0	0	8.91779
4826	0	0	8.92223
4827	0	0	8.92667
4828	0	0	8.93111
4829	0	0	8.93555
4830	0	0	8.93999
4831	0	0	8.94442
4832	0	0	8.94886
4833	0	0	8.9533
4834	0	0	8.95774
4835	0	0	8.96218
4836	0	0	8.96662
4837	0	0	8.97106
4838	0	0	8.9755
4839	0	0	8.97994
4840	0	0	8.98438
4841	0	0	8.98881
4842	0	0	8.99325
4843	0	0	8.99769
4844	0	0	9.00213
4845	0	0	9.00657
4846	0	0	9.01101
4847	0	0	9.01545
4848	0	0	9.01989
4849	0	0	9.02432
4850	0	0	9.02876
4851	0	0	9.0332
4852	0	0	9.03764
4853	0	0	9.04208
4854	0	0	9.04652
4855	0	0	9.05096
4856	0	0	9.0554
4857	0	0	9.05984
4858	0	0	9.06428
4859	0	0	9.06871
4860	0	0	9.07315
4861	0	0	9.07759
4862	0	0	9.08203
4863	0	0	9.08647
4864	0	0	9.09091
4865	0	0	9.09535
4866	0	0	9.09979
4867	0	0	9.10423
4868	0	0	9.10867
4869	0	0	9.1131
4870	0	0	9.11754
4871	0	0	9.12198
4872	0	0	9.12642
4873	0	0	9.13086
4874	0	0	9.1353
4875	0	0	9.13974
4876	0	0	9.14418
4877	0	0	9.14861
4878	0	0	9.15305
4879	0	0	9.15749
4880	0	0	9.16193
4881	0	0	9.16637
4882	0	0	9.17081
4883	0	0	9.17525
4884	0	0	9.17969
4885	0	0	9.18413
4886	0	0	9.18856
4887	0	0	9.193
4888	0	0	9.19744
4889	0	0	9.20188
4890	0	0	9.20632
4891	0	0	9.21076
4892	0	0	9.2152
4893	0	0	9.21964
4894	0	0	9.22408
4895	0	0	9.22852
4896	0	0	9.23295
4897	0	0	9.23739
4898	0	0	9.24183
4899	0	0	9.24627
4900	0	0	9.25071
4901	0	0	9.25515
4902	0	0	9.25959
4903	0	0	9.26403
4904	0	0	9.26847
4905	0	0	9.27291
4906	0	0	9.27734
4907	0	0	9.28178
4908	0	0	9.28622
4909	0	0	9.29066
4910	0	0	9.2951
4911	0	0	9.29954
4912	0	0	9.30398
4913	0	0	9.30842
4914	0	0	9.31285
4915	0	0	9.31729
4916	0	0	9.32173
4917	0	0	9.32617
4918	0	0	9.33061
4919	0	0	9.33505
4920	0	0	9.33949
4921	0	0	9.34393
4922	0	0	9.34837
4923	0	0	9.35281
4924	0	0	9.35724
4925	0	0	9.36168
4926	0	0	9.36612
4927	0	0	9.37056
4928	0	0	9.375
4929	0	0	9.37944
4930	0	0	9.38388
4931	0	0	9.38832
4932	0	0	9.39276
4933	0	0	9.39719
4934	0	0	9.40163
4935	0	0	9.40607
4936	0	0	9.41051
4937	0	0	9.41495
4938	0	0	9.41939
4939	0	0	9.42383
4940	0	0	9.42827
4941	0	0	9.4327
4942	0	0	9.43715
4943	0	0	9.44158
4944	0	0	9.44602
4945	0	0	9.45046
4946	0	0	9.4549
4947	0	0	9.45934
4948	0	0	9.46378
4949	0	0	9.46822
4950	0	0	9.47266
4951	0	0	9.47709
4952	0	0	9.48153
4953	0	0	9.48597
4954	0	0	9.49041
4955	0	0	9.49485
4956	0	0	9.49929
4957	0	0	9.50373
4958	0	0	9.50817
4959	0	0	9.51261
4960	0	0	9.51705
4961	0	0	9.52148
4962	0	0	9.52592
4963	0	0	9.53036
4964	0	0	9.5348
4965	0	0	9.53924
4966	0	0	9.54368
4967	0	0	9.54812
4968	0	0	9.55256
4969	0	0	9.557
4970	0	0	9.56143
4971	0	0	9.56587
4972	0	0	9.57031
4973	0	0	9.57475
4974	0	0	9.57919
4975	0	0	9.58363
4976	0	0	9.58807
4977	0	0	9.59251
4978	0	0	9.59695
4979	0	0	9.60139
4980	0	0	9.60582
4981	0	0	9.61026
4982	0	0	9.6147
4983	0	0	9.61914
4984	0	0	9.62358
4985	0	0	9.62802
4986	0	0	9.63246
4987	0	0	9.6369
4988	0	0	9.64133
4989	0	0	9.64577
4990	0	0	9.65021
4991	0	0	9.65465
4992	0	0	9.65909
4993	0	0	9.66353
4994	0	0	9.66797
4995	0	0	9.67241
4996	0	0	9.67685
4997	0	0	9.68129
4998	0	0	9.68572
4999	0	0	9.69016
5000	0	0	9.6946
5001	0	0	9.69904
5002	0	0	9.70348
5003	0	0	9.70792
5004	0	0	9.71236
5005	0	0	9.7168
5006	0	0	9.72124
5007	0	0	9.72567
5008	0	0	9.73011
5009	0	0	9.73455
5010	0	0	9.73899
5011	0	0	9.74343
5012	0	0	9.74787
5013	0	0	9.75231
5014	0	0	9.75675
5015	0	0	9.76119
5016	0	0	9.76562
5017	0	0	9.77006
5018	0	0	9.7745
5019	0	0	9.77894
5020	0	0	9.78338
5021	0	0	9.78782
5022	0	0	9.79226
5023	0	0	9.7967
5024	0	0	9.80114
5025	0	0	9.80557
5026	0	0	9.81001
5027	0	0	9.81445
5028	0	0	9.81889
5029	0	0	9.82333
5030	0	0	9.82777
5031	0	0	9.83221
5032	0	0	9.83665
5033	0	0	9.84109
5034	0	0	9.84553
5035	0	0	9.84996
5036	0	0	9.8544
5037	0	0	9.85884
5038	0	0	9.86328
5039	0	0	9.86772
5040	0	0	9.87216
5041	0	0	9.8766
5042	0	0	9.88104
5043	0	0	9.88548
5044	0	0	9.88992
5045	0	0	9.89435
5046	0	0	9.89879
5047	0	0	9.90323
5048	0	0	9.90767
5049	0	0	9.91211
5050	0	0	9.91655
5051	0	0	9.92099
5052	0	0	9.92543
5053	0	0	9.92986
5054	0	0	9.9343
5055	0	0	9.93874
5056	0	0	9.94318
5057	0	0	9.94762
5058	0	0	9.95206
5059	0	0	9.9565
5060	0	0	9.96094
5061	0	0	9.96538
5062	0	0	9.96981
5063	0	0	9.97425
5064	0	0	9.97869
5065	0	0	9.98313
5066	0	0	9.98757
5067	0	0	9.99201
5068	0	0	9.99645
5069	0	0	10.0009
5070	0	0	10.0053
5071	0	0	10.0098
5072	0	0	10.0142
5073	0	0	10.0186
5074	0	0	10.0231
5075	0	0	10.0275
5076	0	0	10.032
5077	0	0	10.0364
5078	0	0	10.0408
5079	0	0	10.0453
5080	0	0	10.0497
5081	0	0	10.0542
5082	0	0	10.0586
5083	0	0	10.063
5084	0	0	10.0675
5085	0	0	10.0719
5086	0	0	10.0763
5087	0	0	10.0808
5088	0	0	10.0852
5089	0	0	10.0897
5090	0	0	10.0941
5091	0	0	10.0985
5092	0	0	10.103
5093	0	0	10.1074
5094	0	0	10.1119
5095	0	0	10.1163
5096	0	0	10.1207
5097	0	0	10.1252
5098	0	0	10.1296
5099	0	0	10.1341
5100	0	0	10.1385
5101	0	0	10.1429
5102	0	0	10.1474
5103	0	0	10.1518
5104	0	0	10.1562
5105	0	0	10.1607
5106	0	0	10.1651
5107	0	0	10.1696
5108	0	0	10.174
5109	0	0	10.1784
5110	0	0	10.1829
5111	0	0	10.1873
5112	0	0	10.1918
5113	0	0	10.1962
5114	0	0	10.2006
5115	0	0	10.2051
5116	0	0	10.2095
5117	0	0	10.214
5118	0	0	10.2184
5119	0	0	10.2228
5120	0	0	10.2273
5121	0	0	10.2317
5122	0	0	10.2362
5123	0	0	10.2406
5124	0	0	10.245
5125	0	0	10.2495
5126	0	0	10.2539
5127	0	0	10.2583
5128	0	0	10.2628
5129	0	0	10.2672
5130	0	0	10.2717
5131	0	0	10.2761
5132	0	0	10.2805
5133	0	0	10.285
5134	0	0	10.2894
5135	0	0	10.2939
5136	0	0	10.2983
5137	0	0	10.3027
5138	0	0	10.3072
5139	0	0	10.3116
5140	0	0	10.3161
5141	0	0	10.3205
5142	0	0	10.3249
5143	0	0	10.3294
5144	0	0	10.3338
5145	0	0	10.3382
5146	0	0	10.3427
5147	0	0	10.3471
5148	0	0	10.3516
5149	0	0	10.356
5150	0	0	10.3604
5151	0	0	10.3649
5152	0	0	10.3693
5153	0	0	10.3738
5154	0	0	10.3782
5155	0	0	10.3826
5156	0	0	10.3871
5157	0	0	10.3915
5158	0	0	10.396
5159	0	0	10.4004
5160	0	0	10.4048
5161	0	0	10.4093
5162	0	0	10.4137
5163	0	0	10.4181
5164	0	0	10.4226
5165	0	0	10.427
5166	0	0	10.4315
5167	0	0	10.4359
5168	0	0	10.4403
5169	0	0	10.4448
5170	0	0	10.4492
5171	0	0	10.4537
5172	0	0	10.4581
5173	0	0	10.4625
5174	0	0	10.467
5175	0	0	10.4714
5176	0	0	10.4759
5177	0	0	10.4803
5178	0	0	10.4847
5179	0	0	10.4892
5180	0	0	10.4936
5181	0	0	10.498
5182	0	0	10.5025
5183	0	0	10.5069
5184	0	0	10.5114
5185	0	0	10.5158
5186	0	0	10.5202
5187	0	0	10.5247
5188	0	0	10.5291
5189	0	0	10.5336
5190	0	0	10.538
5191	0	0	10.5424
5192	0	0	10.5469
5193	0	0	10.5513
5194	0	0	10.5558
5195	0	0	10.5602
5196	0	0	10.5646
5197	0	0	10.5691
5198	0	0	10.5735
5199	0	0	10.5779
5200	0	0	10.5824
5201	0	0	10.5868
5202	0	0	10.5913
5203	0	0	10.5957
5204	0	0	10.6001
5205	0	0	10.6046
5206	0	0	10.609
5207	0	0	10.6135
5208	0	0	10.6179
5209	0	0	10.6223
5210	0	0	10.6268
5211	0	0	10.6312
5212	0	0	10.6357
5213	0	0	10.6401
5214	0	0	10.6445
5215	0	0	10.649
5216	0	0	10.6534
5217	0	0	10.6578
5218	0	0	10.6623
5219	0	0	10.6667
5220	0	0	10.6712
5221	0	0	10.6756
5222	0	0	10.68
5223	0	0	10.6845
5224	0	0	10.6889
5225	0	0	10.6934
5226	0	0	10.6978
5227	0	0	10.7022
5228	0	0	10.7067
5229	0	0	10.7111
5230	0	0	10.7156
5231	0	0	10.72
5232	0	0	10.7244
5233	0	0	10.7289
5234	0	0	10.7333
5235	0	0	10.7377
5236	0	0	10.7422
5237	0	0	10.7466
5238	0	0	10.7511
5239	0	0	10.7555
5240	0	0	10.7599
5241	0	0	10.7644
5242	0	0	10.7688
5243	0	0	10.7733
5244	0	0	10.7777
5245	0	0	10.7821
5246	0	0	10.7866
5247	0	0	10.791
5248	0	0	10.7955
5249	0	0	10.7999
5250	0	0	10.8043
5251	0	0	10.8088
5252	0	0	10.8132
5253	0	0	10.8176
5254	0	0	10.8221
5255	0	0	10.8265
5256	0	0	10.831
5257	0	0	10.8354
5258	0	0	10.8398
5259	0	0	10.8443
5260	0	0	10.8487
5261	0	0	10.8532
5262	0	0	10.8576
5263	0	0	10.862
5264	0	0	10.8665
5265	0	0	10.8709
5266	0	0	10.8754
5267	0	0	10.8798
5268	0	0	10.8842
5269	0	0	10.8887
5270	0	0	10.8931
5271	0	0	10.8975
5272	0	0	10.902
5273	0	0	10.9064
5274	0	0	10.9109
5275	0	0	10.9153
5276	0	0	10.9197
5277	0	0	10.9242
5278	0	0	10.9286
5279	0	0	10.9331
5280	0	0	10.9375
5281	0	0	10.9419
5282	0	0	10.9464
5283	0	0	10.9508
5284	0	0	10.9553
5285	0	0	10.9597
5286	0	0	10.9641
5287	0	0	10.9686
5288	0	0	10.973
5289	0	0	10.9774
5290	0	0	10.9819
5291	0	0	10.9863
5292	0	0	10.9908
5293	0	0	10.9952
5294	0	0	10.9996
5295	0	0	11.0041
5296	0	0	11.0085
5297	0	0	11.013
5298	0	0	11.0174
5299	0	0	11.0218
5300	0	0	11.0263
5301	0	0	11.0307
5302	0	0	11.0352
5303	0	0	11.0396
5304	0	0	11.044
5305	0	0	11.0485
5306	0	0	11.0529
5307	0	0	11.0574
5308	0	0	11.0618
5309	0	0	11.0662
5310	0	0	11.0707
5311	0	0	11.0751
5312	0	0	11.0795
5313	0	0	11.084
5314	0	0	11.0884
5315	0	0	11.0929
5316	0	0	11.0973
5317	0	0	11.1017
5318	0	0	11.1062
5319	0	0	11.1106
5320	0	0	11.1151
5321	0	0	11.1195
5322	0	0	11.1239
5323	0	0	11.1284
5324	0	0	11.1328
5325	0	0	11.1373
5326	0	0	11.1417
5327	0	0	11.1461
5328	0	0	11.1506
5329	0	0	11.155
5330	0	0	11.1594
5331	0	0	11.1639
5332	0	0	11.1683
5333	0	0	11.1728
5334	0	0	11.1772
5335	0	0	11.1816
5336	0	0	11.1861
5337	0	0	11.1905
5338	0	0	11.195
5339	0	0	11.1994
5340	0	0	11.2038
5341	0	0	11.2083
5342	0	0	11.2127
5343	0	0	11.2172
5344	0	0	11.2216
5345	0	0	11.226
5346	0	0	11.2305
5347	0	0	11.2349
5348	0	0	11.2393
5349	0	0	11.2438
5350	0	0	11.2482
5351	0	0	11.2527
5352	0	0	11.2571
5353	0	0	11.2615
5354	0	0	11.266
5355	0	0	11.2704
5356	0	0	11.2749
5357	0	0	11.2793
5358	0	0	11.2837
5359	0	0	11.2882
5360	0	0	11.2926
5361	0	0	11.2971
5362	0	0	11.3015
5363	0	0	11.3059
5364	0	0	11.3104
5365	0	0	11.3148
5366	0	0	11.3192
5367	0	0	11.3237
5368	0	0	11.3281
5369	0	0	11.3326
5370	0	0	11.337
5371	0	0	11.3414
5372	0	0	11.3459
5373	0	0	11.3503
5374	0	0	11.3548
5375	0	0	11.3592
5376	0	0	11.3636
5377	0	0	11.3681
5378	0	0	11.3725
5379	0	0	11.377
5380	0	0	11.3814
5381	0	0	11.3858
5382	0	0	11.3903
5383	0	0	11.3947
5384	0	0	11.3991
5385	0	0	11.4036
5386	0	0	11.408
5387	0	0	11.4125
5388	0	0	11.4169
5389	0	0	11.4213
5390	0	0	11.4258
5391	0	0	11.4302
5392	0	0	11.4347
5393	0	0	11.4391
5394	0	0	11.4435
5395	0	0	11.448
5396	0	0	11.4524
5397	0	0	11.4569
5398	0	0	11.4613
5399	0	0	11.4657
5400	0	0	11.4702
5401	0	0	11.4746
5402	0	0	11.479
5403	0	0	11.4835
5404	0	0	11.4879
5405	0	0	11.4924
5406	0	0	11.4968
5407	0	0	11.5012
5408	0	0	11.5057
5409	0	0	11.5101
5410	0	0	11.5146
5411	0	0	11.519
5412	0	0	11.5234
5413	0	0	11.5279
5414	0	0	11.5323
5415	0	0	11.5368
5416	0	0	11.5412
5417	0	0	11.5456
5418	0	0	11.5501
5419	0	0	11.5545
5420	0	0	11.5589
5421	0	0	11.5634
5422	0	0	11.5678
5423	0	0	11.5723
5424	0	0	11.5767
5425	0	0	11.5811
5426	0	0	11.5856
5427	0	0	11.59
5428	0	0	11.5945
5429	0	0	11.5989
5430	0	0	11.6033
5431	0	0	11.6078
5432	0	0	11.6122
5433	0	0	11.6167
5434	0	0	11.6211
5435	0	0	11.6255
5436	0	0	11.63
5437	0	0	11.6344
5438	0	0	11.6388
5439	0	0	11.6433
5440	0	0	11.6477
5441	0	0	11.6522
5442	0	0	11.6566
5443	0	0	11.661
5444	0	0	11.6655
5445	0	0	11.6699
5446	0	0	11.6744
5447	0	0	11.6788
5448	0	0	11.6832
5449	0	0	11.6877
5450	0	0	11.6921
5451	0	0	11.6966
5452	0	0	11.701
5453	0	0	11.7054
5454	0	0	11.7099
5455	0	0	11.7143
5456	0	0	11.7188
5457	0	0	11.7232
5458	0	0	11.7276
5459	0	0	11.7321
5460	0	0	11.7365
5461	0	0	11.7409
5462	0	0	11.7454
5463	0	0	11.7498
5464	0	0	11.7543
5465	0	0	11.7587
5466	0	0	11.7631
5467	0	0	11.7676
5468	0	0	11.772
5469	0	0	11.7765
5470	0	0	11.7809
5471	0	0	11.7853
5472	0	0	11.7898
5473	0	0	11.7942
5474	0	0	11.7987
5475	0	0	11.8031
5476	0	0	11.8075
5477	0	0	11.812
5478	0	0	11.8164
5479	0	0	11.8208
5480	0	0	11.8253
5481	0	0	11.8297
5482	0	0	11.8342
5483	0	0	11.8386
5484	0	0	11.843
5485	0	0	11.8475
5486	0	0	11.8519
5487	0	0	11.8564
5488	0	0	11.8608
5489	0	0	11.8652
5490	0	0	11.8697
5491	0	0	11.8741
5492	0	0	11.8786
5493	0	0	11.883
5494	0	0	11.8874
5495	0	0	11.8919
5496	0	0	11.8963
5497	0	0	11.9007
5498	0	0	11.9052
5499	0	0	11.9096
5500	0	0	11.9141
5501	0	0	11.9185
5502	0	0	11.9229
5503	0	0	11.9274
5504	0	0	11.9318
5505	0	0	11.9363
5506	0	0	11.9407
5507	0	0	11.9451
5508	0	0	11.9496
5509	0	0	11.954
5510	0	0	11.9585
5511	0	0	11.9629
5512	0	0	11.9673
5513	0	0	11.9718
5514	0	0	11.9762
5515	0	0	11.9806
5516	0	0	11.9851
5517	0	0	11.9895
5518	0	0	11.994
5519	0	0	11.9984
5520	0	0	12.0028
5521	0	0	12.0073
5522	0	0	12.0117
5523	0	0	12.0162
5524	0	0	12.0206
5525	0	0	12.025
5526	0	0	12.0295
5527	0	0	12.0339
5528	0	0	12.0384
5529	0	0	12.0428
5530	0	0	12.0472
5531	0	0	12.0517
5532	0	0	12.0561
5533	0	0	12.0605
5534	0	0	12.065
5535	0	0	12.0694
5536	0	0	12.0739
5537	0	0	12.0783
5538	0	0	12.0827
5539	0	0	12.0872
5540	0	0	12.0916
5541	0	0	12.0961
5542	0	0	12.1005
5543	0	0	12.1049
5544	0	0	12.1094
5545	0	0	12.1138
5546	0	0	12.1183
5547	0	0	12.1227
5548	0	0	12.1271
5549	0	0	12.1316
5550	0	0	12.136
5551	0	0	12.1404
5552	0	0	12.1449
5553	0	0	12.1493
5554	0	0	12.1538
5555	0	0	12.1582
5556	0	0	12.1626
5557	0	0	12.1671
5558	0	0	12.1715
5559	0	0	12.176
5560	0	0	12.1804
5561	0	0	12.1848
5562	0	0	12.1893
5563	0	0	12.1937
5564	0	0	12.1982
5565	0	0	12.2026
5566	0	0	12.207
5567	0	0	12.2115
5568	0	0	12.2159
5569	0	0	12.2203
5570	0	0	12.2248
5571	0	0	12.2292
5572	0	0	12.2337
5573	0	0	12.2381
5574	0	0	12.2425
5575	0	0	12.247
5576	0	0	12.2514
5577	0	0	12.2559
5578	0	0	12.2603
5579	0	0	12.2647
5580	0	0	12.2692
5581	0	0	12.2736
5582	0	0	12.2781
5583	0	0	12.2825
5584	0	0	12.2869
5585	0	0	12.2914
5586	0	0	12.2958
5587	0	0	12.3002
5588	0	0	12.3047
5589	0	0	12.3091
5590	0	0	12.3136
5591	0	0	12.318
5592	0	0	12.3224
5593	0	0	12.3269
5594	0	0	12.3313
5595	0	0	12.3358
5596	0	0	12.3402
5597	0	0	12.3446
5598	0	0	12.3491
5599	0	0	12.3535
5600	0	0	12.358
5601	0	0	12.3624
5602	0	0	12.3668
5603	0	0	12.3713
5604	0	0	12.3757
5605	0	0	12.3801
5606	0	0	12.3846
5607	0	0	12.389
5608	0	0	12.3935
5609	0	0	12.3979
5610	0	0	12.4023
5611	0	0	12.4068
5612	0	0	12.4112
5613	0	0	12.4157
5614	0	0	12.4201
5615	0	0	12.4245
5616	0	0	12.429
5617	0	0	12.4334
5618	0	0	12.4379
5619	0	0	12.4423
5620	0	0	12.4467
5621	0	0	12.4512
5622	0	0	12.4556
5623	0	0	12.46
5624	0	0	12.4645
5625	0	0	12.4689
5626	0	0	12.4734
5627	0	0	12.4778
5628	0	0	12.4822
5629	0	0	12.4867
5630	0	0	12.4911
5631	0	0	12.4956
