
 Number of wires and basis functions: 1	4607
 Drucik nr 1
1	0	0	-12.4946
2	0	0	-12.4891
3	0	0	-12.4837
4	0	0	-12.4783
5	0	0	-12.4729
6	0	0	-12.4674
7	0	0	-12.462
8	0	0	-12.4566
9	0	0	-12.4512
10	0	0	-12.4457
11	0	0	-12.4403
12	0	0	-12.4349
13	0	0	-12.4295
14	0	0	-12.424
15	0	0	-12.4186
16	0	0	-12.4132
17	0	0	-12.4078
18	0	0	-12.4023
19	0	0	-12.3969
20	0	0	-12.3915
21	0	0	-12.3861
22	0	0	-12.3806
23	0	0	-12.3752
24	0	0	-12.3698
25	0	0	-12.3644
26	0	0	-12.3589
27	0	0	-12.3535
28	0	0	-12.3481
29	0	0	-12.3427
30	0	0	-12.3372
31	0	0	-12.3318
32	0	0	-12.3264
33	0	0	-12.321
34	0	0	-12.3155
35	0	0	-12.3101
36	0	0	-12.3047
37	0	0	-12.2993
38	0	0	-12.2938
39	0	0	-12.2884
40	0	0	-12.283
41	0	0	-12.2776
42	0	0	-12.2721
43	0	0	-12.2667
44	0	0	-12.2613
45	0	0	-12.2559
46	0	0	-12.2504
47	0	0	-12.245
48	0	0	-12.2396
49	0	0	-12.2342
50	0	0	-12.2287
51	0	0	-12.2233
52	0	0	-12.2179
53	0	0	-12.2125
54	0	0	-12.207
55	0	0	-12.2016
56	0	0	-12.1962
57	0	0	-12.1908
58	0	0	-12.1853
59	0	0	-12.1799
60	0	0	-12.1745
61	0	0	-12.1691
62	0	0	-12.1636
63	0	0	-12.1582
64	0	0	-12.1528
65	0	0	-12.1474
66	0	0	-12.1419
67	0	0	-12.1365
68	0	0	-12.1311
69	0	0	-12.1257
70	0	0	-12.1202
71	0	0	-12.1148
72	0	0	-12.1094
73	0	0	-12.1039
74	0	0	-12.0985
75	0	0	-12.0931
76	0	0	-12.0877
77	0	0	-12.0822
78	0	0	-12.0768
79	0	0	-12.0714
80	0	0	-12.066
81	0	0	-12.0605
82	0	0	-12.0551
83	0	0	-12.0497
84	0	0	-12.0443
85	0	0	-12.0388
86	0	0	-12.0334
87	0	0	-12.028
88	0	0	-12.0226
89	0	0	-12.0171
90	0	0	-12.0117
91	0	0	-12.0063
92	0	0	-12.0009
93	0	0	-11.9954
94	0	0	-11.99
95	0	0	-11.9846
96	0	0	-11.9792
97	0	0	-11.9737
98	0	0	-11.9683
99	0	0	-11.9629
100	0	0	-11.9575
101	0	0	-11.952
102	0	0	-11.9466
103	0	0	-11.9412
104	0	0	-11.9358
105	0	0	-11.9303
106	0	0	-11.9249
107	0	0	-11.9195
108	0	0	-11.9141
109	0	0	-11.9086
110	0	0	-11.9032
111	0	0	-11.8978
112	0	0	-11.8924
113	0	0	-11.8869
114	0	0	-11.8815
115	0	0	-11.8761
116	0	0	-11.8707
117	0	0	-11.8652
118	0	0	-11.8598
119	0	0	-11.8544
120	0	0	-11.849
121	0	0	-11.8435
122	0	0	-11.8381
123	0	0	-11.8327
124	0	0	-11.8273
125	0	0	-11.8218
126	0	0	-11.8164
127	0	0	-11.811
128	0	0	-11.8056
129	0	0	-11.8001
130	0	0	-11.7947
131	0	0	-11.7893
132	0	0	-11.7839
133	0	0	-11.7784
134	0	0	-11.773
135	0	0	-11.7676
136	0	0	-11.7622
137	0	0	-11.7567
138	0	0	-11.7513
139	0	0	-11.7459
140	0	0	-11.7405
141	0	0	-11.735
142	0	0	-11.7296
143	0	0	-11.7242
144	0	0	-11.7188
145	0	0	-11.7133
146	0	0	-11.7079
147	0	0	-11.7025
148	0	0	-11.697
149	0	0	-11.6916
150	0	0	-11.6862
151	0	0	-11.6808
152	0	0	-11.6753
153	0	0	-11.6699
154	0	0	-11.6645
155	0	0	-11.6591
156	0	0	-11.6536
157	0	0	-11.6482
158	0	0	-11.6428
159	0	0	-11.6374
160	0	0	-11.6319
161	0	0	-11.6265
162	0	0	-11.6211
163	0	0	-11.6157
164	0	0	-11.6102
165	0	0	-11.6048
166	0	0	-11.5994
167	0	0	-11.594
168	0	0	-11.5885
169	0	0	-11.5831
170	0	0	-11.5777
171	0	0	-11.5723
172	0	0	-11.5668
173	0	0	-11.5614
174	0	0	-11.556
175	0	0	-11.5506
176	0	0	-11.5451
177	0	0	-11.5397
178	0	0	-11.5343
179	0	0	-11.5289
180	0	0	-11.5234
181	0	0	-11.518
182	0	0	-11.5126
183	0	0	-11.5072
184	0	0	-11.5017
185	0	0	-11.4963
186	0	0	-11.4909
187	0	0	-11.4855
188	0	0	-11.48
189	0	0	-11.4746
190	0	0	-11.4692
191	0	0	-11.4638
192	0	0	-11.4583
193	0	0	-11.4529
194	0	0	-11.4475
195	0	0	-11.4421
196	0	0	-11.4366
197	0	0	-11.4312
198	0	0	-11.4258
199	0	0	-11.4204
200	0	0	-11.4149
201	0	0	-11.4095
202	0	0	-11.4041
203	0	0	-11.3987
204	0	0	-11.3932
205	0	0	-11.3878
206	0	0	-11.3824
207	0	0	-11.377
208	0	0	-11.3715
209	0	0	-11.3661
210	0	0	-11.3607
211	0	0	-11.3553
212	0	0	-11.3498
213	0	0	-11.3444
214	0	0	-11.339
215	0	0	-11.3336
216	0	0	-11.3281
217	0	0	-11.3227
218	0	0	-11.3173
219	0	0	-11.3118
220	0	0	-11.3064
221	0	0	-11.301
222	0	0	-11.2956
223	0	0	-11.2901
224	0	0	-11.2847
225	0	0	-11.2793
226	0	0	-11.2739
227	0	0	-11.2684
228	0	0	-11.263
229	0	0	-11.2576
230	0	0	-11.2522
231	0	0	-11.2467
232	0	0	-11.2413
233	0	0	-11.2359
234	0	0	-11.2305
235	0	0	-11.225
236	0	0	-11.2196
237	0	0	-11.2142
238	0	0	-11.2088
239	0	0	-11.2033
240	0	0	-11.1979
241	0	0	-11.1925
242	0	0	-11.1871
243	0	0	-11.1816
244	0	0	-11.1762
245	0	0	-11.1708
246	0	0	-11.1654
247	0	0	-11.1599
248	0	0	-11.1545
249	0	0	-11.1491
250	0	0	-11.1437
251	0	0	-11.1382
252	0	0	-11.1328
253	0	0	-11.1274
254	0	0	-11.122
255	0	0	-11.1165
256	0	0	-11.1111
257	0	0	-11.1057
258	0	0	-11.1003
259	0	0	-11.0948
260	0	0	-11.0894
261	0	0	-11.084
262	0	0	-11.0786
263	0	0	-11.0731
264	0	0	-11.0677
265	0	0	-11.0623
266	0	0	-11.0569
267	0	0	-11.0514
268	0	0	-11.046
269	0	0	-11.0406
270	0	0	-11.0352
271	0	0	-11.0297
272	0	0	-11.0243
273	0	0	-11.0189
274	0	0	-11.0135
275	0	0	-11.008
276	0	0	-11.0026
277	0	0	-10.9972
278	0	0	-10.9918
279	0	0	-10.9863
280	0	0	-10.9809
281	0	0	-10.9755
282	0	0	-10.9701
283	0	0	-10.9646
284	0	0	-10.9592
285	0	0	-10.9538
286	0	0	-10.9484
287	0	0	-10.9429
288	0	0	-10.9375
289	0	0	-10.9321
290	0	0	-10.9266
291	0	0	-10.9212
292	0	0	-10.9158
293	0	0	-10.9104
294	0	0	-10.9049
295	0	0	-10.8995
296	0	0	-10.8941
297	0	0	-10.8887
298	0	0	-10.8832
299	0	0	-10.8778
300	0	0	-10.8724
301	0	0	-10.867
302	0	0	-10.8615
303	0	0	-10.8561
304	0	0	-10.8507
305	0	0	-10.8453
306	0	0	-10.8398
307	0	0	-10.8344
308	0	0	-10.829
309	0	0	-10.8236
310	0	0	-10.8181
311	0	0	-10.8127
312	0	0	-10.8073
313	0	0	-10.8019
314	0	0	-10.7964
315	0	0	-10.791
316	0	0	-10.7856
317	0	0	-10.7802
318	0	0	-10.7747
319	0	0	-10.7693
320	0	0	-10.7639
321	0	0	-10.7585
322	0	0	-10.753
323	0	0	-10.7476
324	0	0	-10.7422
325	0	0	-10.7368
326	0	0	-10.7313
327	0	0	-10.7259
328	0	0	-10.7205
329	0	0	-10.7151
330	0	0	-10.7096
331	0	0	-10.7042
332	0	0	-10.6988
333	0	0	-10.6934
334	0	0	-10.6879
335	0	0	-10.6825
336	0	0	-10.6771
337	0	0	-10.6717
338	0	0	-10.6662
339	0	0	-10.6608
340	0	0	-10.6554
341	0	0	-10.65
342	0	0	-10.6445
343	0	0	-10.6391
344	0	0	-10.6337
345	0	0	-10.6283
346	0	0	-10.6228
347	0	0	-10.6174
348	0	0	-10.612
349	0	0	-10.6066
350	0	0	-10.6011
351	0	0	-10.5957
352	0	0	-10.5903
353	0	0	-10.5849
354	0	0	-10.5794
355	0	0	-10.574
356	0	0	-10.5686
357	0	0	-10.5632
358	0	0	-10.5577
359	0	0	-10.5523
360	0	0	-10.5469
361	0	0	-10.5414
362	0	0	-10.536
363	0	0	-10.5306
364	0	0	-10.5252
365	0	0	-10.5197
366	0	0	-10.5143
367	0	0	-10.5089
368	0	0	-10.5035
369	0	0	-10.498
370	0	0	-10.4926
371	0	0	-10.4872
372	0	0	-10.4818
373	0	0	-10.4763
374	0	0	-10.4709
375	0	0	-10.4655
376	0	0	-10.4601
377	0	0	-10.4546
378	0	0	-10.4492
379	0	0	-10.4438
380	0	0	-10.4384
381	0	0	-10.4329
382	0	0	-10.4275
383	0	0	-10.4221
384	0	0	-10.4167
385	0	0	-10.4112
386	0	0	-10.4058
387	0	0	-10.4004
388	0	0	-10.395
389	0	0	-10.3895
390	0	0	-10.3841
391	0	0	-10.3787
392	0	0	-10.3733
393	0	0	-10.3678
394	0	0	-10.3624
395	0	0	-10.357
396	0	0	-10.3516
397	0	0	-10.3461
398	0	0	-10.3407
399	0	0	-10.3353
400	0	0	-10.3299
401	0	0	-10.3244
402	0	0	-10.319
403	0	0	-10.3136
404	0	0	-10.3082
405	0	0	-10.3027
406	0	0	-10.2973
407	0	0	-10.2919
408	0	0	-10.2865
409	0	0	-10.281
410	0	0	-10.2756
411	0	0	-10.2702
412	0	0	-10.2648
413	0	0	-10.2593
414	0	0	-10.2539
415	0	0	-10.2485
416	0	0	-10.2431
417	0	0	-10.2376
418	0	0	-10.2322
419	0	0	-10.2268
420	0	0	-10.2214
421	0	0	-10.2159
422	0	0	-10.2105
423	0	0	-10.2051
424	0	0	-10.1997
425	0	0	-10.1942
426	0	0	-10.1888
427	0	0	-10.1834
428	0	0	-10.178
429	0	0	-10.1725
430	0	0	-10.1671
431	0	0	-10.1617
432	0	0	-10.1562
433	0	0	-10.1508
434	0	0	-10.1454
435	0	0	-10.14
436	0	0	-10.1345
437	0	0	-10.1291
438	0	0	-10.1237
439	0	0	-10.1183
440	0	0	-10.1128
441	0	0	-10.1074
442	0	0	-10.102
443	0	0	-10.0966
444	0	0	-10.0911
445	0	0	-10.0857
446	0	0	-10.0803
447	0	0	-10.0749
448	0	0	-10.0694
449	0	0	-10.064
450	0	0	-10.0586
451	0	0	-10.0532
452	0	0	-10.0477
453	0	0	-10.0423
454	0	0	-10.0369
455	0	0	-10.0315
456	0	0	-10.026
457	0	0	-10.0206
458	0	0	-10.0152
459	0	0	-10.0098
460	0	0	-10.0043
461	0	0	-9.99891
462	0	0	-9.99349
463	0	0	-9.98806
464	0	0	-9.98264
465	0	0	-9.97721
466	0	0	-9.97179
467	0	0	-9.96636
468	0	0	-9.96094
469	0	0	-9.95551
470	0	0	-9.95009
471	0	0	-9.94466
472	0	0	-9.93924
473	0	0	-9.93381
474	0	0	-9.92839
475	0	0	-9.92296
476	0	0	-9.91753
477	0	0	-9.91211
478	0	0	-9.90668
479	0	0	-9.90126
480	0	0	-9.89583
481	0	0	-9.89041
482	0	0	-9.88498
483	0	0	-9.87956
484	0	0	-9.87413
485	0	0	-9.86871
486	0	0	-9.86328
487	0	0	-9.85786
488	0	0	-9.85243
489	0	0	-9.84701
490	0	0	-9.84158
491	0	0	-9.83615
492	0	0	-9.83073
493	0	0	-9.8253
494	0	0	-9.81988
495	0	0	-9.81445
496	0	0	-9.80903
497	0	0	-9.8036
498	0	0	-9.79818
499	0	0	-9.79275
500	0	0	-9.78733
501	0	0	-9.7819
502	0	0	-9.77648
503	0	0	-9.77105
504	0	0	-9.76562
505	0	0	-9.7602
506	0	0	-9.75477
507	0	0	-9.74935
508	0	0	-9.74392
509	0	0	-9.7385
510	0	0	-9.73307
511	0	0	-9.72765
512	0	0	-9.72222
513	0	0	-9.7168
514	0	0	-9.71137
515	0	0	-9.70595
516	0	0	-9.70052
517	0	0	-9.6951
518	0	0	-9.68967
519	0	0	-9.68425
520	0	0	-9.67882
521	0	0	-9.67339
522	0	0	-9.66797
523	0	0	-9.66254
524	0	0	-9.65712
525	0	0	-9.65169
526	0	0	-9.64627
527	0	0	-9.64084
528	0	0	-9.63542
529	0	0	-9.62999
530	0	0	-9.62457
531	0	0	-9.61914
532	0	0	-9.61372
533	0	0	-9.60829
534	0	0	-9.60287
535	0	0	-9.59744
536	0	0	-9.59201
537	0	0	-9.58659
538	0	0	-9.58116
539	0	0	-9.57574
540	0	0	-9.57031
541	0	0	-9.56489
542	0	0	-9.55946
543	0	0	-9.55404
544	0	0	-9.54861
545	0	0	-9.54319
546	0	0	-9.53776
547	0	0	-9.53234
548	0	0	-9.52691
549	0	0	-9.52148
550	0	0	-9.51606
551	0	0	-9.51063
552	0	0	-9.50521
553	0	0	-9.49978
554	0	0	-9.49436
555	0	0	-9.48893
556	0	0	-9.48351
557	0	0	-9.47808
558	0	0	-9.47266
559	0	0	-9.46723
560	0	0	-9.46181
561	0	0	-9.45638
562	0	0	-9.45095
563	0	0	-9.44553
564	0	0	-9.4401
565	0	0	-9.43468
566	0	0	-9.42925
567	0	0	-9.42383
568	0	0	-9.4184
569	0	0	-9.41298
570	0	0	-9.40755
571	0	0	-9.40213
572	0	0	-9.3967
573	0	0	-9.39128
574	0	0	-9.38585
575	0	0	-9.38043
576	0	0	-9.375
577	0	0	-9.36957
578	0	0	-9.36415
579	0	0	-9.35872
580	0	0	-9.3533
581	0	0	-9.34787
582	0	0	-9.34245
583	0	0	-9.33702
584	0	0	-9.3316
585	0	0	-9.32617
586	0	0	-9.32075
587	0	0	-9.31532
588	0	0	-9.3099
589	0	0	-9.30447
590	0	0	-9.29905
591	0	0	-9.29362
592	0	0	-9.28819
593	0	0	-9.28277
594	0	0	-9.27734
595	0	0	-9.27192
596	0	0	-9.26649
597	0	0	-9.26107
598	0	0	-9.25564
599	0	0	-9.25022
600	0	0	-9.24479
601	0	0	-9.23937
602	0	0	-9.23394
603	0	0	-9.22852
604	0	0	-9.22309
605	0	0	-9.21766
606	0	0	-9.21224
607	0	0	-9.20681
608	0	0	-9.20139
609	0	0	-9.19596
610	0	0	-9.19054
611	0	0	-9.18511
612	0	0	-9.17969
613	0	0	-9.17426
614	0	0	-9.16884
615	0	0	-9.16341
616	0	0	-9.15799
617	0	0	-9.15256
618	0	0	-9.14714
619	0	0	-9.14171
620	0	0	-9.13628
621	0	0	-9.13086
622	0	0	-9.12543
623	0	0	-9.12001
624	0	0	-9.11458
625	0	0	-9.10916
626	0	0	-9.10373
627	0	0	-9.09831
628	0	0	-9.09288
629	0	0	-9.08746
630	0	0	-9.08203
631	0	0	-9.07661
632	0	0	-9.07118
633	0	0	-9.06576
634	0	0	-9.06033
635	0	0	-9.0549
636	0	0	-9.04948
637	0	0	-9.04405
638	0	0	-9.03863
639	0	0	-9.0332
640	0	0	-9.02778
641	0	0	-9.02235
642	0	0	-9.01693
643	0	0	-9.0115
644	0	0	-9.00608
645	0	0	-9.00065
646	0	0	-8.99523
647	0	0	-8.9898
648	0	0	-8.98438
649	0	0	-8.97895
650	0	0	-8.97352
651	0	0	-8.9681
652	0	0	-8.96267
653	0	0	-8.95725
654	0	0	-8.95182
655	0	0	-8.9464
656	0	0	-8.94097
657	0	0	-8.93555
658	0	0	-8.93012
659	0	0	-8.9247
660	0	0	-8.91927
661	0	0	-8.91385
662	0	0	-8.90842
663	0	0	-8.903
664	0	0	-8.89757
665	0	0	-8.89214
666	0	0	-8.88672
667	0	0	-8.88129
668	0	0	-8.87587
669	0	0	-8.87044
670	0	0	-8.86502
671	0	0	-8.85959
672	0	0	-8.85417
673	0	0	-8.84874
674	0	0	-8.84332
675	0	0	-8.83789
676	0	0	-8.83247
677	0	0	-8.82704
678	0	0	-8.82162
679	0	0	-8.81619
680	0	0	-8.81076
681	0	0	-8.80534
682	0	0	-8.79991
683	0	0	-8.79449
684	0	0	-8.78906
685	0	0	-8.78364
686	0	0	-8.77821
687	0	0	-8.77279
688	0	0	-8.76736
689	0	0	-8.76194
690	0	0	-8.75651
691	0	0	-8.75109
692	0	0	-8.74566
693	0	0	-8.74023
694	0	0	-8.73481
695	0	0	-8.72938
696	0	0	-8.72396
697	0	0	-8.71853
698	0	0	-8.71311
699	0	0	-8.70768
700	0	0	-8.70226
701	0	0	-8.69683
702	0	0	-8.69141
703	0	0	-8.68598
704	0	0	-8.68056
705	0	0	-8.67513
706	0	0	-8.6697
707	0	0	-8.66428
708	0	0	-8.65885
709	0	0	-8.65343
710	0	0	-8.648
711	0	0	-8.64258
712	0	0	-8.63715
713	0	0	-8.63173
714	0	0	-8.6263
715	0	0	-8.62088
716	0	0	-8.61545
717	0	0	-8.61003
718	0	0	-8.6046
719	0	0	-8.59918
720	0	0	-8.59375
721	0	0	-8.58832
722	0	0	-8.5829
723	0	0	-8.57747
724	0	0	-8.57205
725	0	0	-8.56662
726	0	0	-8.5612
727	0	0	-8.55577
728	0	0	-8.55035
729	0	0	-8.54492
730	0	0	-8.5395
731	0	0	-8.53407
732	0	0	-8.52865
733	0	0	-8.52322
734	0	0	-8.5178
735	0	0	-8.51237
736	0	0	-8.50694
737	0	0	-8.50152
738	0	0	-8.49609
739	0	0	-8.49067
740	0	0	-8.48524
741	0	0	-8.47982
742	0	0	-8.47439
743	0	0	-8.46897
744	0	0	-8.46354
745	0	0	-8.45812
746	0	0	-8.45269
747	0	0	-8.44727
748	0	0	-8.44184
749	0	0	-8.43641
750	0	0	-8.43099
751	0	0	-8.42556
752	0	0	-8.42014
753	0	0	-8.41471
754	0	0	-8.40929
755	0	0	-8.40386
756	0	0	-8.39844
757	0	0	-8.39301
758	0	0	-8.38759
759	0	0	-8.38216
760	0	0	-8.37674
761	0	0	-8.37131
762	0	0	-8.36589
763	0	0	-8.36046
764	0	0	-8.35503
765	0	0	-8.34961
766	0	0	-8.34418
767	0	0	-8.33876
768	0	0	-8.33333
769	0	0	-8.32791
770	0	0	-8.32248
771	0	0	-8.31706
772	0	0	-8.31163
773	0	0	-8.30621
774	0	0	-8.30078
775	0	0	-8.29536
776	0	0	-8.28993
777	0	0	-8.28451
778	0	0	-8.27908
779	0	0	-8.27365
780	0	0	-8.26823
781	0	0	-8.2628
782	0	0	-8.25738
783	0	0	-8.25195
784	0	0	-8.24653
785	0	0	-8.2411
786	0	0	-8.23568
787	0	0	-8.23025
788	0	0	-8.22483
789	0	0	-8.2194
790	0	0	-8.21398
791	0	0	-8.20855
792	0	0	-8.20312
793	0	0	-8.1977
794	0	0	-8.19227
795	0	0	-8.18685
796	0	0	-8.18142
797	0	0	-8.176
798	0	0	-8.17057
799	0	0	-8.16515
800	0	0	-8.15972
801	0	0	-8.1543
802	0	0	-8.14887
803	0	0	-8.14345
804	0	0	-8.13802
805	0	0	-8.1326
806	0	0	-8.12717
807	0	0	-8.12175
808	0	0	-8.11632
809	0	0	-8.11089
810	0	0	-8.10547
811	0	0	-8.10004
812	0	0	-8.09462
813	0	0	-8.08919
814	0	0	-8.08377
815	0	0	-8.07834
816	0	0	-8.07292
817	0	0	-8.06749
818	0	0	-8.06207
819	0	0	-8.05664
820	0	0	-8.05122
821	0	0	-8.04579
822	0	0	-8.04037
823	0	0	-8.03494
824	0	0	-8.02951
825	0	0	-8.02409
826	0	0	-8.01866
827	0	0	-8.01324
828	0	0	-8.00781
829	0	0	-8.00239
830	0	0	-7.99696
831	0	0	-7.99154
832	0	0	-7.98611
833	0	0	-7.98069
834	0	0	-7.97526
835	0	0	-7.96984
836	0	0	-7.96441
837	0	0	-7.95898
838	0	0	-7.95356
839	0	0	-7.94813
840	0	0	-7.94271
841	0	0	-7.93728
842	0	0	-7.93186
843	0	0	-7.92643
844	0	0	-7.92101
845	0	0	-7.91558
846	0	0	-7.91016
847	0	0	-7.90473
848	0	0	-7.89931
849	0	0	-7.89388
850	0	0	-7.88845
851	0	0	-7.88303
852	0	0	-7.8776
853	0	0	-7.87218
854	0	0	-7.86675
855	0	0	-7.86133
856	0	0	-7.8559
857	0	0	-7.85048
858	0	0	-7.84505
859	0	0	-7.83963
860	0	0	-7.8342
861	0	0	-7.82878
862	0	0	-7.82335
863	0	0	-7.81793
864	0	0	-7.8125
865	0	0	-7.80708
866	0	0	-7.80165
867	0	0	-7.79622
868	0	0	-7.7908
869	0	0	-7.78537
870	0	0	-7.77995
871	0	0	-7.77452
872	0	0	-7.7691
873	0	0	-7.76367
874	0	0	-7.75825
875	0	0	-7.75282
876	0	0	-7.7474
877	0	0	-7.74197
878	0	0	-7.73655
879	0	0	-7.73112
880	0	0	-7.72569
881	0	0	-7.72027
882	0	0	-7.71484
883	0	0	-7.70942
884	0	0	-7.70399
885	0	0	-7.69857
886	0	0	-7.69314
887	0	0	-7.68772
888	0	0	-7.68229
889	0	0	-7.67687
890	0	0	-7.67144
891	0	0	-7.66602
892	0	0	-7.66059
893	0	0	-7.65517
894	0	0	-7.64974
895	0	0	-7.64431
896	0	0	-7.63889
897	0	0	-7.63346
898	0	0	-7.62804
899	0	0	-7.62261
900	0	0	-7.61719
901	0	0	-7.61176
902	0	0	-7.60634
903	0	0	-7.60091
904	0	0	-7.59549
905	0	0	-7.59006
906	0	0	-7.58464
907	0	0	-7.57921
908	0	0	-7.57378
909	0	0	-7.56836
910	0	0	-7.56293
911	0	0	-7.55751
912	0	0	-7.55208
913	0	0	-7.54666
914	0	0	-7.54123
915	0	0	-7.53581
916	0	0	-7.53038
917	0	0	-7.52496
918	0	0	-7.51953
919	0	0	-7.51411
920	0	0	-7.50868
921	0	0	-7.50326
922	0	0	-7.49783
923	0	0	-7.4924
924	0	0	-7.48698
925	0	0	-7.48155
926	0	0	-7.47613
927	0	0	-7.4707
928	0	0	-7.46528
929	0	0	-7.45985
930	0	0	-7.45443
931	0	0	-7.449
932	0	0	-7.44358
933	0	0	-7.43815
934	0	0	-7.43273
935	0	0	-7.4273
936	0	0	-7.42188
937	0	0	-7.41645
938	0	0	-7.41102
939	0	0	-7.4056
940	0	0	-7.40017
941	0	0	-7.39475
942	0	0	-7.38932
943	0	0	-7.3839
944	0	0	-7.37847
945	0	0	-7.37305
946	0	0	-7.36762
947	0	0	-7.3622
948	0	0	-7.35677
949	0	0	-7.35135
950	0	0	-7.34592
951	0	0	-7.3405
952	0	0	-7.33507
953	0	0	-7.32964
954	0	0	-7.32422
955	0	0	-7.31879
956	0	0	-7.31337
957	0	0	-7.30794
958	0	0	-7.30252
959	0	0	-7.29709
960	0	0	-7.29167
961	0	0	-7.28624
962	0	0	-7.28082
963	0	0	-7.27539
964	0	0	-7.26997
965	0	0	-7.26454
966	0	0	-7.25911
967	0	0	-7.25369
968	0	0	-7.24826
969	0	0	-7.24284
970	0	0	-7.23741
971	0	0	-7.23199
972	0	0	-7.22656
973	0	0	-7.22114
974	0	0	-7.21571
975	0	0	-7.21029
976	0	0	-7.20486
977	0	0	-7.19944
978	0	0	-7.19401
979	0	0	-7.18859
980	0	0	-7.18316
981	0	0	-7.17773
982	0	0	-7.17231
983	0	0	-7.16688
984	0	0	-7.16146
985	0	0	-7.15603
986	0	0	-7.15061
987	0	0	-7.14518
988	0	0	-7.13976
989	0	0	-7.13433
990	0	0	-7.12891
991	0	0	-7.12348
992	0	0	-7.11806
993	0	0	-7.11263
994	0	0	-7.1072
995	0	0	-7.10178
996	0	0	-7.09635
997	0	0	-7.09093
998	0	0	-7.0855
999	0	0	-7.08008
1000	0	0	-7.07465
1001	0	0	-7.06923
1002	0	0	-7.0638
1003	0	0	-7.05838
1004	0	0	-7.05295
1005	0	0	-7.04753
1006	0	0	-7.0421
1007	0	0	-7.03668
1008	0	0	-7.03125
1009	0	0	-7.02583
1010	0	0	-7.0204
1011	0	0	-7.01497
1012	0	0	-7.00955
1013	0	0	-7.00412
1014	0	0	-6.9987
1015	0	0	-6.99327
1016	0	0	-6.98785
1017	0	0	-6.98242
1018	0	0	-6.977
1019	0	0	-6.97157
1020	0	0	-6.96615
1021	0	0	-6.96072
1022	0	0	-6.9553
1023	0	0	-6.94987
1024	0	0	-6.94444
1025	0	0	-6.93902
1026	0	0	-6.93359
1027	0	0	-6.92817
1028	0	0	-6.92274
1029	0	0	-6.91732
1030	0	0	-6.91189
1031	0	0	-6.90647
1032	0	0	-6.90104
1033	0	0	-6.89562
1034	0	0	-6.89019
1035	0	0	-6.88477
1036	0	0	-6.87934
1037	0	0	-6.87392
1038	0	0	-6.86849
1039	0	0	-6.86306
1040	0	0	-6.85764
1041	0	0	-6.85221
1042	0	0	-6.84679
1043	0	0	-6.84136
1044	0	0	-6.83594
1045	0	0	-6.83051
1046	0	0	-6.82509
1047	0	0	-6.81966
1048	0	0	-6.81424
1049	0	0	-6.80881
1050	0	0	-6.80339
1051	0	0	-6.79796
1052	0	0	-6.79253
1053	0	0	-6.78711
1054	0	0	-6.78168
1055	0	0	-6.77626
1056	0	0	-6.77083
1057	0	0	-6.76541
1058	0	0	-6.75998
1059	0	0	-6.75456
1060	0	0	-6.74913
1061	0	0	-6.74371
1062	0	0	-6.73828
1063	0	0	-6.73286
1064	0	0	-6.72743
1065	0	0	-6.72201
1066	0	0	-6.71658
1067	0	0	-6.71115
1068	0	0	-6.70573
1069	0	0	-6.7003
1070	0	0	-6.69488
1071	0	0	-6.68945
1072	0	0	-6.68403
1073	0	0	-6.6786
1074	0	0	-6.67318
1075	0	0	-6.66775
1076	0	0	-6.66233
1077	0	0	-6.6569
1078	0	0	-6.65148
1079	0	0	-6.64605
1080	0	0	-6.64062
1081	0	0	-6.6352
1082	0	0	-6.62977
1083	0	0	-6.62435
1084	0	0	-6.61892
1085	0	0	-6.6135
1086	0	0	-6.60807
1087	0	0	-6.60265
1088	0	0	-6.59722
1089	0	0	-6.5918
1090	0	0	-6.58637
1091	0	0	-6.58095
1092	0	0	-6.57552
1093	0	0	-6.5701
1094	0	0	-6.56467
1095	0	0	-6.55925
1096	0	0	-6.55382
1097	0	0	-6.54839
1098	0	0	-6.54297
1099	0	0	-6.53754
1100	0	0	-6.53212
1101	0	0	-6.52669
1102	0	0	-6.52127
1103	0	0	-6.51584
1104	0	0	-6.51042
1105	0	0	-6.50499
1106	0	0	-6.49957
1107	0	0	-6.49414
1108	0	0	-6.48872
1109	0	0	-6.48329
1110	0	0	-6.47786
1111	0	0	-6.47244
1112	0	0	-6.46701
1113	0	0	-6.46159
1114	0	0	-6.45616
1115	0	0	-6.45074
1116	0	0	-6.44531
1117	0	0	-6.43989
1118	0	0	-6.43446
1119	0	0	-6.42904
1120	0	0	-6.42361
1121	0	0	-6.41819
1122	0	0	-6.41276
1123	0	0	-6.40734
1124	0	0	-6.40191
1125	0	0	-6.39648
1126	0	0	-6.39106
1127	0	0	-6.38563
1128	0	0	-6.38021
1129	0	0	-6.37478
1130	0	0	-6.36936
1131	0	0	-6.36393
1132	0	0	-6.35851
1133	0	0	-6.35308
1134	0	0	-6.34766
1135	0	0	-6.34223
1136	0	0	-6.33681
1137	0	0	-6.33138
1138	0	0	-6.32595
1139	0	0	-6.32053
1140	0	0	-6.3151
1141	0	0	-6.30968
1142	0	0	-6.30425
1143	0	0	-6.29883
1144	0	0	-6.2934
1145	0	0	-6.28798
1146	0	0	-6.28255
1147	0	0	-6.27713
1148	0	0	-6.2717
1149	0	0	-6.26628
1150	0	0	-6.26085
1151	0	0	-6.25543
1152	0	0	-6.25
1153	0	0	-6.24458
1154	0	0	-6.23915
1155	0	0	-6.23372
1156	0	0	-6.2283
1157	0	0	-6.22287
1158	0	0	-6.21745
1159	0	0	-6.21202
1160	0	0	-6.2066
1161	0	0	-6.20117
1162	0	0	-6.19575
1163	0	0	-6.19032
1164	0	0	-6.1849
1165	0	0	-6.17947
1166	0	0	-6.17405
1167	0	0	-6.16862
1168	0	0	-6.16319
1169	0	0	-6.15777
1170	0	0	-6.15234
1171	0	0	-6.14692
1172	0	0	-6.14149
1173	0	0	-6.13607
1174	0	0	-6.13064
1175	0	0	-6.12522
1176	0	0	-6.11979
1177	0	0	-6.11437
1178	0	0	-6.10894
1179	0	0	-6.10352
1180	0	0	-6.09809
1181	0	0	-6.09267
1182	0	0	-6.08724
1183	0	0	-6.08181
1184	0	0	-6.07639
1185	0	0	-6.07096
1186	0	0	-6.06554
1187	0	0	-6.06011
1188	0	0	-6.05469
1189	0	0	-6.04926
1190	0	0	-6.04384
1191	0	0	-6.03841
1192	0	0	-6.03299
1193	0	0	-6.02756
1194	0	0	-6.02214
1195	0	0	-6.01671
1196	0	0	-6.01128
1197	0	0	-6.00586
1198	0	0	-6.00043
1199	0	0	-5.99501
1200	0	0	-5.98958
1201	0	0	-5.98416
1202	0	0	-5.97873
1203	0	0	-5.97331
1204	0	0	-5.96788
1205	0	0	-5.96246
1206	0	0	-5.95703
1207	0	0	-5.95161
1208	0	0	-5.94618
1209	0	0	-5.94076
1210	0	0	-5.93533
1211	0	0	-5.9299
1212	0	0	-5.92448
1213	0	0	-5.91905
1214	0	0	-5.91363
1215	0	0	-5.9082
1216	0	0	-5.90278
1217	0	0	-5.89735
1218	0	0	-5.89193
1219	0	0	-5.8865
1220	0	0	-5.88108
1221	0	0	-5.87565
1222	0	0	-5.87023
1223	0	0	-5.8648
1224	0	0	-5.85938
1225	0	0	-5.85395
1226	0	0	-5.84852
1227	0	0	-5.8431
1228	0	0	-5.83767
1229	0	0	-5.83225
1230	0	0	-5.82682
1231	0	0	-5.8214
1232	0	0	-5.81597
1233	0	0	-5.81055
1234	0	0	-5.80512
1235	0	0	-5.7997
1236	0	0	-5.79427
1237	0	0	-5.78885
1238	0	0	-5.78342
1239	0	0	-5.778
1240	0	0	-5.77257
1241	0	0	-5.76714
1242	0	0	-5.76172
1243	0	0	-5.75629
1244	0	0	-5.75087
1245	0	0	-5.74544
1246	0	0	-5.74002
1247	0	0	-5.73459
1248	0	0	-5.72917
1249	0	0	-5.72374
1250	0	0	-5.71832
1251	0	0	-5.71289
1252	0	0	-5.70747
1253	0	0	-5.70204
1254	0	0	-5.69661
1255	0	0	-5.69119
1256	0	0	-5.68576
1257	0	0	-5.68034
1258	0	0	-5.67491
1259	0	0	-5.66949
1260	0	0	-5.66406
1261	0	0	-5.65864
1262	0	0	-5.65321
1263	0	0	-5.64779
1264	0	0	-5.64236
1265	0	0	-5.63694
1266	0	0	-5.63151
1267	0	0	-5.62609
1268	0	0	-5.62066
1269	0	0	-5.61523
1270	0	0	-5.60981
1271	0	0	-5.60438
1272	0	0	-5.59896
1273	0	0	-5.59353
1274	0	0	-5.58811
1275	0	0	-5.58268
1276	0	0	-5.57726
1277	0	0	-5.57183
1278	0	0	-5.56641
1279	0	0	-5.56098
1280	0	0	-5.55556
1281	0	0	-5.55013
1282	0	0	-5.5447
1283	0	0	-5.53928
1284	0	0	-5.53385
1285	0	0	-5.52843
1286	0	0	-5.523
1287	0	0	-5.51758
1288	0	0	-5.51215
1289	0	0	-5.50673
1290	0	0	-5.5013
1291	0	0	-5.49588
1292	0	0	-5.49045
1293	0	0	-5.48503
1294	0	0	-5.4796
1295	0	0	-5.47418
1296	0	0	-5.46875
1297	0	0	-5.46333
1298	0	0	-5.4579
1299	0	0	-5.45247
1300	0	0	-5.44705
1301	0	0	-5.44162
1302	0	0	-5.4362
1303	0	0	-5.43077
1304	0	0	-5.42535
1305	0	0	-5.41992
1306	0	0	-5.4145
1307	0	0	-5.40907
1308	0	0	-5.40365
1309	0	0	-5.39822
1310	0	0	-5.3928
1311	0	0	-5.38737
1312	0	0	-5.38194
1313	0	0	-5.37652
1314	0	0	-5.37109
1315	0	0	-5.36567
1316	0	0	-5.36024
1317	0	0	-5.35482
1318	0	0	-5.34939
1319	0	0	-5.34397
1320	0	0	-5.33854
1321	0	0	-5.33312
1322	0	0	-5.32769
1323	0	0	-5.32227
1324	0	0	-5.31684
1325	0	0	-5.31142
1326	0	0	-5.30599
1327	0	0	-5.30056
1328	0	0	-5.29514
1329	0	0	-5.28971
1330	0	0	-5.28429
1331	0	0	-5.27886
1332	0	0	-5.27344
1333	0	0	-5.26801
1334	0	0	-5.26259
1335	0	0	-5.25716
1336	0	0	-5.25174
1337	0	0	-5.24631
1338	0	0	-5.24089
1339	0	0	-5.23546
1340	0	0	-5.23003
1341	0	0	-5.22461
1342	0	0	-5.21918
1343	0	0	-5.21376
1344	0	0	-5.20833
1345	0	0	-5.20291
1346	0	0	-5.19748
1347	0	0	-5.19206
1348	0	0	-5.18663
1349	0	0	-5.18121
1350	0	0	-5.17578
1351	0	0	-5.17036
1352	0	0	-5.16493
1353	0	0	-5.15951
1354	0	0	-5.15408
1355	0	0	-5.14865
1356	0	0	-5.14323
1357	0	0	-5.1378
1358	0	0	-5.13238
1359	0	0	-5.12695
1360	0	0	-5.12153
1361	0	0	-5.1161
1362	0	0	-5.11068
1363	0	0	-5.10525
1364	0	0	-5.09983
1365	0	0	-5.0944
1366	0	0	-5.08898
1367	0	0	-5.08355
1368	0	0	-5.07813
1369	0	0	-5.0727
1370	0	0	-5.06727
1371	0	0	-5.06185
1372	0	0	-5.05642
1373	0	0	-5.051
1374	0	0	-5.04557
1375	0	0	-5.04015
1376	0	0	-5.03472
1377	0	0	-5.0293
1378	0	0	-5.02387
1379	0	0	-5.01845
1380	0	0	-5.01302
1381	0	0	-5.0076
1382	0	0	-5.00217
1383	0	0	-4.99675
1384	0	0	-4.99132
1385	0	0	-4.98589
1386	0	0	-4.98047
1387	0	0	-4.97504
1388	0	0	-4.96962
1389	0	0	-4.96419
1390	0	0	-4.95877
1391	0	0	-4.95334
1392	0	0	-4.94792
1393	0	0	-4.94249
1394	0	0	-4.93707
1395	0	0	-4.93164
1396	0	0	-4.92622
1397	0	0	-4.92079
1398	0	0	-4.91536
1399	0	0	-4.90994
1400	0	0	-4.90451
1401	0	0	-4.89909
1402	0	0	-4.89366
1403	0	0	-4.88824
1404	0	0	-4.88281
1405	0	0	-4.87739
1406	0	0	-4.87196
1407	0	0	-4.86654
1408	0	0	-4.86111
1409	0	0	-4.85569
1410	0	0	-4.85026
1411	0	0	-4.84484
1412	0	0	-4.83941
1413	0	0	-4.83398
1414	0	0	-4.82856
1415	0	0	-4.82313
1416	0	0	-4.81771
1417	0	0	-4.81228
1418	0	0	-4.80686
1419	0	0	-4.80143
1420	0	0	-4.79601
1421	0	0	-4.79058
1422	0	0	-4.78516
1423	0	0	-4.77973
1424	0	0	-4.77431
1425	0	0	-4.76888
1426	0	0	-4.76346
1427	0	0	-4.75803
1428	0	0	-4.7526
1429	0	0	-4.74718
1430	0	0	-4.74175
1431	0	0	-4.73633
1432	0	0	-4.7309
1433	0	0	-4.72548
1434	0	0	-4.72005
1435	0	0	-4.71463
1436	0	0	-4.7092
1437	0	0	-4.70378
1438	0	0	-4.69835
1439	0	0	-4.69293
1440	0	0	-4.6875
1441	0	0	-4.68208
1442	0	0	-4.67665
1443	0	0	-4.67122
1444	0	0	-4.6658
1445	0	0	-4.66037
1446	0	0	-4.65495
1447	0	0	-4.64952
1448	0	0	-4.6441
1449	0	0	-4.63867
1450	0	0	-4.63325
1451	0	0	-4.62782
1452	0	0	-4.6224
1453	0	0	-4.61697
1454	0	0	-4.61155
1455	0	0	-4.60612
1456	0	0	-4.60069
1457	0	0	-4.59527
1458	0	0	-4.58984
1459	0	0	-4.58442
1460	0	0	-4.57899
1461	0	0	-4.57357
1462	0	0	-4.56814
1463	0	0	-4.56272
1464	0	0	-4.55729
1465	0	0	-4.55187
1466	0	0	-4.54644
1467	0	0	-4.54102
1468	0	0	-4.53559
1469	0	0	-4.53017
1470	0	0	-4.52474
1471	0	0	-4.51931
1472	0	0	-4.51389
1473	0	0	-4.50846
1474	0	0	-4.50304
1475	0	0	-4.49761
1476	0	0	-4.49219
1477	0	0	-4.48676
1478	0	0	-4.48134
1479	0	0	-4.47591
1480	0	0	-4.47049
1481	0	0	-4.46506
1482	0	0	-4.45964
1483	0	0	-4.45421
1484	0	0	-4.44878
1485	0	0	-4.44336
1486	0	0	-4.43793
1487	0	0	-4.43251
1488	0	0	-4.42708
1489	0	0	-4.42166
1490	0	0	-4.41623
1491	0	0	-4.41081
1492	0	0	-4.40538
1493	0	0	-4.39996
1494	0	0	-4.39453
1495	0	0	-4.38911
1496	0	0	-4.38368
1497	0	0	-4.37826
1498	0	0	-4.37283
1499	0	0	-4.3674
1500	0	0	-4.36198
1501	0	0	-4.35655
1502	0	0	-4.35113
1503	0	0	-4.3457
1504	0	0	-4.34028
1505	0	0	-4.33485
1506	0	0	-4.32943
1507	0	0	-4.324
1508	0	0	-4.31858
1509	0	0	-4.31315
1510	0	0	-4.30773
1511	0	0	-4.3023
1512	0	0	-4.29688
1513	0	0	-4.29145
1514	0	0	-4.28603
1515	0	0	-4.2806
1516	0	0	-4.27517
1517	0	0	-4.26975
1518	0	0	-4.26432
1519	0	0	-4.2589
1520	0	0	-4.25347
1521	0	0	-4.24805
1522	0	0	-4.24262
1523	0	0	-4.2372
1524	0	0	-4.23177
1525	0	0	-4.22635
1526	0	0	-4.22092
1527	0	0	-4.2155
1528	0	0	-4.21007
1529	0	0	-4.20464
1530	0	0	-4.19922
1531	0	0	-4.19379
1532	0	0	-4.18837
1533	0	0	-4.18294
1534	0	0	-4.17752
1535	0	0	-4.17209
1536	0	0	-4.16667
1537	0	0	-4.16124
1538	0	0	-4.15582
1539	0	0	-4.15039
1540	0	0	-4.14497
1541	0	0	-4.13954
1542	0	0	-4.13412
1543	0	0	-4.12869
1544	0	0	-4.12326
1545	0	0	-4.11784
1546	0	0	-4.11241
1547	0	0	-4.10699
1548	0	0	-4.10156
1549	0	0	-4.09614
1550	0	0	-4.09071
1551	0	0	-4.08529
1552	0	0	-4.07986
1553	0	0	-4.07444
1554	0	0	-4.06901
1555	0	0	-4.06359
1556	0	0	-4.05816
1557	0	0	-4.05273
1558	0	0	-4.04731
1559	0	0	-4.04188
1560	0	0	-4.03646
1561	0	0	-4.03103
1562	0	0	-4.02561
1563	0	0	-4.02018
1564	0	0	-4.01476
1565	0	0	-4.00933
1566	0	0	-4.00391
1567	0	0	-3.99848
1568	0	0	-3.99306
1569	0	0	-3.98763
1570	0	0	-3.98221
1571	0	0	-3.97678
1572	0	0	-3.97135
1573	0	0	-3.96593
1574	0	0	-3.9605
1575	0	0	-3.95508
1576	0	0	-3.94965
1577	0	0	-3.94423
1578	0	0	-3.9388
1579	0	0	-3.93338
1580	0	0	-3.92795
1581	0	0	-3.92253
1582	0	0	-3.9171
1583	0	0	-3.91168
1584	0	0	-3.90625
1585	0	0	-3.90082
1586	0	0	-3.8954
1587	0	0	-3.88997
1588	0	0	-3.88455
1589	0	0	-3.87912
1590	0	0	-3.8737
1591	0	0	-3.86827
1592	0	0	-3.86285
1593	0	0	-3.85742
1594	0	0	-3.852
1595	0	0	-3.84657
1596	0	0	-3.84115
1597	0	0	-3.83572
1598	0	0	-3.8303
1599	0	0	-3.82487
1600	0	0	-3.81944
1601	0	0	-3.81402
1602	0	0	-3.80859
1603	0	0	-3.80317
1604	0	0	-3.79774
1605	0	0	-3.79232
1606	0	0	-3.78689
1607	0	0	-3.78147
1608	0	0	-3.77604
1609	0	0	-3.77062
1610	0	0	-3.76519
1611	0	0	-3.75977
1612	0	0	-3.75434
1613	0	0	-3.74892
1614	0	0	-3.74349
1615	0	0	-3.73806
1616	0	0	-3.73264
1617	0	0	-3.72721
1618	0	0	-3.72179
1619	0	0	-3.71636
1620	0	0	-3.71094
1621	0	0	-3.70551
1622	0	0	-3.70009
1623	0	0	-3.69466
1624	0	0	-3.68924
1625	0	0	-3.68381
1626	0	0	-3.67839
1627	0	0	-3.67296
1628	0	0	-3.66753
1629	0	0	-3.66211
1630	0	0	-3.65668
1631	0	0	-3.65126
1632	0	0	-3.64583
1633	0	0	-3.64041
1634	0	0	-3.63498
1635	0	0	-3.62956
1636	0	0	-3.62413
1637	0	0	-3.61871
1638	0	0	-3.61328
1639	0	0	-3.60786
1640	0	0	-3.60243
1641	0	0	-3.59701
1642	0	0	-3.59158
1643	0	0	-3.58615
1644	0	0	-3.58073
1645	0	0	-3.5753
1646	0	0	-3.56988
1647	0	0	-3.56445
1648	0	0	-3.55903
1649	0	0	-3.5536
1650	0	0	-3.54818
1651	0	0	-3.54275
1652	0	0	-3.53733
1653	0	0	-3.5319
1654	0	0	-3.52648
1655	0	0	-3.52105
1656	0	0	-3.51562
1657	0	0	-3.5102
1658	0	0	-3.50478
1659	0	0	-3.49935
1660	0	0	-3.49392
1661	0	0	-3.4885
1662	0	0	-3.48307
1663	0	0	-3.47765
1664	0	0	-3.47222
1665	0	0	-3.4668
1666	0	0	-3.46137
1667	0	0	-3.45595
1668	0	0	-3.45052
1669	0	0	-3.4451
1670	0	0	-3.43967
1671	0	0	-3.43425
1672	0	0	-3.42882
1673	0	0	-3.42339
1674	0	0	-3.41797
1675	0	0	-3.41254
1676	0	0	-3.40712
1677	0	0	-3.40169
1678	0	0	-3.39627
1679	0	0	-3.39084
1680	0	0	-3.38542
1681	0	0	-3.37999
1682	0	0	-3.37457
1683	0	0	-3.36914
1684	0	0	-3.36372
1685	0	0	-3.35829
1686	0	0	-3.35287
1687	0	0	-3.34744
1688	0	0	-3.34201
1689	0	0	-3.33659
1690	0	0	-3.33116
1691	0	0	-3.32574
1692	0	0	-3.32031
1693	0	0	-3.31489
1694	0	0	-3.30946
1695	0	0	-3.30404
1696	0	0	-3.29861
1697	0	0	-3.29319
1698	0	0	-3.28776
1699	0	0	-3.28234
1700	0	0	-3.27691
1701	0	0	-3.27148
1702	0	0	-3.26606
1703	0	0	-3.26063
1704	0	0	-3.25521
1705	0	0	-3.24978
1706	0	0	-3.24436
1707	0	0	-3.23893
1708	0	0	-3.23351
1709	0	0	-3.22808
1710	0	0	-3.22266
1711	0	0	-3.21723
1712	0	0	-3.21181
1713	0	0	-3.20638
1714	0	0	-3.20096
1715	0	0	-3.19553
1716	0	0	-3.1901
1717	0	0	-3.18468
1718	0	0	-3.17925
1719	0	0	-3.17383
1720	0	0	-3.1684
1721	0	0	-3.16298
1722	0	0	-3.15755
1723	0	0	-3.15213
1724	0	0	-3.1467
1725	0	0	-3.14128
1726	0	0	-3.13585
1727	0	0	-3.13043
1728	0	0	-3.125
1729	0	0	-3.11957
1730	0	0	-3.11415
1731	0	0	-3.10872
1732	0	0	-3.1033
1733	0	0	-3.09787
1734	0	0	-3.09245
1735	0	0	-3.08702
1736	0	0	-3.0816
1737	0	0	-3.07617
1738	0	0	-3.07075
1739	0	0	-3.06532
1740	0	0	-3.0599
1741	0	0	-3.05447
1742	0	0	-3.04905
1743	0	0	-3.04362
1744	0	0	-3.03819
1745	0	0	-3.03277
1746	0	0	-3.02734
1747	0	0	-3.02192
1748	0	0	-3.01649
1749	0	0	-3.01107
1750	0	0	-3.00564
1751	0	0	-3.00022
1752	0	0	-2.99479
1753	0	0	-2.98937
1754	0	0	-2.98394
1755	0	0	-2.97852
1756	0	0	-2.97309
1757	0	0	-2.96767
1758	0	0	-2.96224
1759	0	0	-2.95681
1760	0	0	-2.95139
1761	0	0	-2.94596
1762	0	0	-2.94054
1763	0	0	-2.93511
1764	0	0	-2.92969
1765	0	0	-2.92426
1766	0	0	-2.91884
1767	0	0	-2.91341
1768	0	0	-2.90799
1769	0	0	-2.90256
1770	0	0	-2.89714
1771	0	0	-2.89171
1772	0	0	-2.88628
1773	0	0	-2.88086
1774	0	0	-2.87543
1775	0	0	-2.87001
1776	0	0	-2.86458
1777	0	0	-2.85916
1778	0	0	-2.85373
1779	0	0	-2.84831
1780	0	0	-2.84288
1781	0	0	-2.83746
1782	0	0	-2.83203
1783	0	0	-2.82661
1784	0	0	-2.82118
1785	0	0	-2.81576
1786	0	0	-2.81033
1787	0	0	-2.8049
1788	0	0	-2.79948
1789	0	0	-2.79405
1790	0	0	-2.78863
1791	0	0	-2.7832
1792	0	0	-2.77778
1793	0	0	-2.77235
1794	0	0	-2.76693
1795	0	0	-2.7615
1796	0	0	-2.75608
1797	0	0	-2.75065
1798	0	0	-2.74523
1799	0	0	-2.7398
1800	0	0	-2.73438
1801	0	0	-2.72895
1802	0	0	-2.72353
1803	0	0	-2.7181
1804	0	0	-2.71267
1805	0	0	-2.70725
1806	0	0	-2.70182
1807	0	0	-2.6964
1808	0	0	-2.69097
1809	0	0	-2.68555
1810	0	0	-2.68012
1811	0	0	-2.6747
1812	0	0	-2.66927
1813	0	0	-2.66385
1814	0	0	-2.65842
1815	0	0	-2.653
1816	0	0	-2.64757
1817	0	0	-2.64214
1818	0	0	-2.63672
1819	0	0	-2.63129
1820	0	0	-2.62587
1821	0	0	-2.62044
1822	0	0	-2.61502
1823	0	0	-2.60959
1824	0	0	-2.60417
1825	0	0	-2.59874
1826	0	0	-2.59332
1827	0	0	-2.58789
1828	0	0	-2.58247
1829	0	0	-2.57704
1830	0	0	-2.57162
1831	0	0	-2.56619
1832	0	0	-2.56076
1833	0	0	-2.55534
1834	0	0	-2.54991
1835	0	0	-2.54449
1836	0	0	-2.53906
1837	0	0	-2.53364
1838	0	0	-2.52821
1839	0	0	-2.52279
1840	0	0	-2.51736
1841	0	0	-2.51194
1842	0	0	-2.50651
1843	0	0	-2.50109
1844	0	0	-2.49566
1845	0	0	-2.49023
1846	0	0	-2.48481
1847	0	0	-2.47938
1848	0	0	-2.47396
1849	0	0	-2.46853
1850	0	0	-2.46311
1851	0	0	-2.45768
1852	0	0	-2.45226
1853	0	0	-2.44683
1854	0	0	-2.44141
1855	0	0	-2.43598
1856	0	0	-2.43056
1857	0	0	-2.42513
1858	0	0	-2.41971
1859	0	0	-2.41428
1860	0	0	-2.40885
1861	0	0	-2.40343
1862	0	0	-2.398
1863	0	0	-2.39258
1864	0	0	-2.38715
1865	0	0	-2.38173
1866	0	0	-2.3763
1867	0	0	-2.37088
1868	0	0	-2.36545
1869	0	0	-2.36003
1870	0	0	-2.3546
1871	0	0	-2.34918
1872	0	0	-2.34375
1873	0	0	-2.33833
1874	0	0	-2.3329
1875	0	0	-2.32747
1876	0	0	-2.32205
1877	0	0	-2.31662
1878	0	0	-2.3112
1879	0	0	-2.30577
1880	0	0	-2.30035
1881	0	0	-2.29492
1882	0	0	-2.2895
1883	0	0	-2.28407
1884	0	0	-2.27865
1885	0	0	-2.27322
1886	0	0	-2.2678
1887	0	0	-2.26237
1888	0	0	-2.25694
1889	0	0	-2.25152
1890	0	0	-2.24609
1891	0	0	-2.24067
1892	0	0	-2.23524
1893	0	0	-2.22982
1894	0	0	-2.22439
1895	0	0	-2.21897
1896	0	0	-2.21354
1897	0	0	-2.20812
1898	0	0	-2.20269
1899	0	0	-2.19727
1900	0	0	-2.19184
1901	0	0	-2.18642
1902	0	0	-2.18099
1903	0	0	-2.17556
1904	0	0	-2.17014
1905	0	0	-2.16471
1906	0	0	-2.15929
1907	0	0	-2.15386
1908	0	0	-2.14844
1909	0	0	-2.14301
1910	0	0	-2.13759
1911	0	0	-2.13216
1912	0	0	-2.12674
1913	0	0	-2.12131
1914	0	0	-2.11589
1915	0	0	-2.11046
1916	0	0	-2.10503
1917	0	0	-2.09961
1918	0	0	-2.09418
1919	0	0	-2.08876
1920	0	0	-2.08333
1921	0	0	-2.07791
1922	0	0	-2.07248
1923	0	0	-2.06706
1924	0	0	-2.06163
1925	0	0	-2.05621
1926	0	0	-2.05078
1927	0	0	-2.04536
1928	0	0	-2.03993
1929	0	0	-2.03451
1930	0	0	-2.02908
1931	0	0	-2.02365
1932	0	0	-2.01823
1933	0	0	-2.0128
1934	0	0	-2.00738
1935	0	0	-2.00195
1936	0	0	-1.99653
1937	0	0	-1.9911
1938	0	0	-1.98568
1939	0	0	-1.98025
1940	0	0	-1.97483
1941	0	0	-1.9694
1942	0	0	-1.96398
1943	0	0	-1.95855
1944	0	0	-1.95312
1945	0	0	-1.9477
1946	0	0	-1.94228
1947	0	0	-1.93685
1948	0	0	-1.93142
1949	0	0	-1.926
1950	0	0	-1.92057
1951	0	0	-1.91515
1952	0	0	-1.90972
1953	0	0	-1.9043
1954	0	0	-1.89887
1955	0	0	-1.89345
1956	0	0	-1.88802
1957	0	0	-1.8826
1958	0	0	-1.87717
1959	0	0	-1.87175
1960	0	0	-1.86632
1961	0	0	-1.86089
1962	0	0	-1.85547
1963	0	0	-1.85004
1964	0	0	-1.84462
1965	0	0	-1.83919
1966	0	0	-1.83377
1967	0	0	-1.82834
1968	0	0	-1.82292
1969	0	0	-1.81749
1970	0	0	-1.81207
1971	0	0	-1.80664
1972	0	0	-1.80122
1973	0	0	-1.79579
1974	0	0	-1.79037
1975	0	0	-1.78494
1976	0	0	-1.77951
1977	0	0	-1.77409
1978	0	0	-1.76866
1979	0	0	-1.76324
1980	0	0	-1.75781
1981	0	0	-1.75239
1982	0	0	-1.74696
1983	0	0	-1.74154
1984	0	0	-1.73611
1985	0	0	-1.73069
1986	0	0	-1.72526
1987	0	0	-1.71984
1988	0	0	-1.71441
1989	0	0	-1.70898
1990	0	0	-1.70356
1991	0	0	-1.69813
1992	0	0	-1.69271
1993	0	0	-1.68728
1994	0	0	-1.68186
1995	0	0	-1.67643
1996	0	0	-1.67101
1997	0	0	-1.66558
1998	0	0	-1.66016
1999	0	0	-1.65473
2000	0	0	-1.64931
2001	0	0	-1.64388
2002	0	0	-1.63846
2003	0	0	-1.63303
2004	0	0	-1.6276
2005	0	0	-1.62218
2006	0	0	-1.61675
2007	0	0	-1.61133
2008	0	0	-1.6059
2009	0	0	-1.60048
2010	0	0	-1.59505
2011	0	0	-1.58963
2012	0	0	-1.5842
2013	0	0	-1.57878
2014	0	0	-1.57335
2015	0	0	-1.56793
2016	0	0	-1.5625
2017	0	0	-1.55708
2018	0	0	-1.55165
2019	0	0	-1.54622
2020	0	0	-1.5408
2021	0	0	-1.53537
2022	0	0	-1.52995
2023	0	0	-1.52452
2024	0	0	-1.5191
2025	0	0	-1.51367
2026	0	0	-1.50825
2027	0	0	-1.50282
2028	0	0	-1.4974
2029	0	0	-1.49197
2030	0	0	-1.48655
2031	0	0	-1.48112
2032	0	0	-1.47569
2033	0	0	-1.47027
2034	0	0	-1.46484
2035	0	0	-1.45942
2036	0	0	-1.45399
2037	0	0	-1.44857
2038	0	0	-1.44314
2039	0	0	-1.43772
2040	0	0	-1.43229
2041	0	0	-1.42687
2042	0	0	-1.42144
2043	0	0	-1.41602
2044	0	0	-1.41059
2045	0	0	-1.40517
2046	0	0	-1.39974
2047	0	0	-1.39431
2048	0	0	-1.38889
2049	0	0	-1.38346
2050	0	0	-1.37804
2051	0	0	-1.37261
2052	0	0	-1.36719
2053	0	0	-1.36176
2054	0	0	-1.35634
2055	0	0	-1.35091
2056	0	0	-1.34549
2057	0	0	-1.34006
2058	0	0	-1.33464
2059	0	0	-1.32921
2060	0	0	-1.32378
2061	0	0	-1.31836
2062	0	0	-1.31293
2063	0	0	-1.30751
2064	0	0	-1.30208
2065	0	0	-1.29666
2066	0	0	-1.29123
2067	0	0	-1.28581
2068	0	0	-1.28038
2069	0	0	-1.27496
2070	0	0	-1.26953
2071	0	0	-1.26411
2072	0	0	-1.25868
2073	0	0	-1.25326
2074	0	0	-1.24783
2075	0	0	-1.2424
2076	0	0	-1.23698
2077	0	0	-1.23155
2078	0	0	-1.22613
2079	0	0	-1.2207
2080	0	0	-1.21528
2081	0	0	-1.20985
2082	0	0	-1.20443
2083	0	0	-1.199
2084	0	0	-1.19358
2085	0	0	-1.18815
2086	0	0	-1.18273
2087	0	0	-1.1773
2088	0	0	-1.17188
2089	0	0	-1.16645
2090	0	0	-1.16103
2091	0	0	-1.1556
2092	0	0	-1.15017
2093	0	0	-1.14475
2094	0	0	-1.13932
2095	0	0	-1.1339
2096	0	0	-1.12847
2097	0	0	-1.12305
2098	0	0	-1.11762
2099	0	0	-1.1122
2100	0	0	-1.10677
2101	0	0	-1.10135
2102	0	0	-1.09592
2103	0	0	-1.0905
2104	0	0	-1.08507
2105	0	0	-1.07964
2106	0	0	-1.07422
2107	0	0	-1.06879
2108	0	0	-1.06337
2109	0	0	-1.05794
2110	0	0	-1.05252
2111	0	0	-1.04709
2112	0	0	-1.04167
2113	0	0	-1.03624
2114	0	0	-1.03082
2115	0	0	-1.02539
2116	0	0	-1.01997
2117	0	0	-1.01454
2118	0	0	-1.00912
2119	0	0	-1.00369
2120	0	0	-0.998264
2121	0	0	-0.992839
2122	0	0	-0.987413
2123	0	0	-0.981988
2124	0	0	-0.976562
2125	0	0	-0.971138
2126	0	0	-0.965713
2127	0	0	-0.960287
2128	0	0	-0.954862
2129	0	0	-0.949436
2130	0	0	-0.944011
2131	0	0	-0.938585
2132	0	0	-0.93316
2133	0	0	-0.927734
2134	0	0	-0.92231
2135	0	0	-0.916884
2136	0	0	-0.911459
2137	0	0	-0.906034
2138	0	0	-0.900608
2139	0	0	-0.895183
2140	0	0	-0.889757
2141	0	0	-0.884332
2142	0	0	-0.878906
2143	0	0	-0.873482
2144	0	0	-0.868056
2145	0	0	-0.862631
2146	0	0	-0.857205
2147	0	0	-0.85178
2148	0	0	-0.846354
2149	0	0	-0.840929
2150	0	0	-0.835504
2151	0	0	-0.830078
2152	0	0	-0.824654
2153	0	0	-0.819228
2154	0	0	-0.813803
2155	0	0	-0.808377
2156	0	0	-0.802952
2157	0	0	-0.797526
2158	0	0	-0.792101
2159	0	0	-0.786675
2160	0	0	-0.78125
2161	0	0	-0.775826
2162	0	0	-0.7704
2163	0	0	-0.764975
2164	0	0	-0.759549
2165	0	0	-0.754124
2166	0	0	-0.748698
2167	0	0	-0.743273
2168	0	0	-0.737847
2169	0	0	-0.732422
2170	0	0	-0.726997
2171	0	0	-0.721572
2172	0	0	-0.716146
2173	0	0	-0.710721
2174	0	0	-0.705296
2175	0	0	-0.69987
2176	0	0	-0.694445
2177	0	0	-0.689019
2178	0	0	-0.683594
2179	0	0	-0.678169
2180	0	0	-0.672744
2181	0	0	-0.667318
2182	0	0	-0.661893
2183	0	0	-0.656467
2184	0	0	-0.651042
2185	0	0	-0.645617
2186	0	0	-0.640191
2187	0	0	-0.634766
2188	0	0	-0.629341
2189	0	0	-0.623916
2190	0	0	-0.61849
2191	0	0	-0.613065
2192	0	0	-0.607639
2193	0	0	-0.602214
2194	0	0	-0.596788
2195	0	0	-0.591363
2196	0	0	-0.585938
2197	0	0	-0.580513
2198	0	0	-0.575088
2199	0	0	-0.569662
2200	0	0	-0.564237
2201	0	0	-0.558811
2202	0	0	-0.553386
2203	0	0	-0.54796
2204	0	0	-0.542535
2205	0	0	-0.537109
2206	0	0	-0.531685
2207	0	0	-0.526259
2208	0	0	-0.520834
2209	0	0	-0.515409
2210	0	0	-0.509983
2211	0	0	-0.504558
2212	0	0	-0.499132
2213	0	0	-0.493707
2214	0	0	-0.488281
2215	0	0	-0.482857
2216	0	0	-0.477431
2217	0	0	-0.472006
2218	0	0	-0.46658
2219	0	0	-0.461155
2220	0	0	-0.455729
2221	0	0	-0.450304
2222	0	0	-0.444879
2223	0	0	-0.439453
2224	0	0	-0.434029
2225	0	0	-0.428603
2226	0	0	-0.423178
2227	0	0	-0.417752
2228	0	0	-0.412327
2229	0	0	-0.406901
2230	0	0	-0.401476
2231	0	0	-0.39605
2232	0	0	-0.390625
2233	0	0	-0.385201
2234	0	0	-0.379775
2235	0	0	-0.37435
2236	0	0	-0.368924
2237	0	0	-0.363499
2238	0	0	-0.358073
2239	0	0	-0.352648
2240	0	0	-0.347222
2241	0	0	-0.341797
2242	0	0	-0.336372
2243	0	0	-0.330947
2244	0	0	-0.325521
2245	0	0	-0.320096
2246	0	0	-0.314671
2247	0	0	-0.309245
2248	0	0	-0.30382
2249	0	0	-0.298394
2250	0	0	-0.292969
2251	0	0	-0.287544
2252	0	0	-0.282119
2253	0	0	-0.276693
2254	0	0	-0.271268
2255	0	0	-0.265842
2256	0	0	-0.260417
2257	0	0	-0.254992
2258	0	0	-0.249566
2259	0	0	-0.244141
2260	0	0	-0.238716
2261	0	0	-0.233291
2262	0	0	-0.227865
2263	0	0	-0.22244
2264	0	0	-0.217014
2265	0	0	-0.211589
2266	0	0	-0.206163
2267	0	0	-0.200738
2268	0	0	-0.195312
2269	0	0	-0.189888
2270	0	0	-0.184463
2271	0	0	-0.179037
2272	0	0	-0.173612
2273	0	0	-0.168186
2274	0	0	-0.162761
2275	0	0	-0.157335
2276	0	0	-0.15191
2277	0	0	-0.146484
2278	0	0	-0.14106
2279	0	0	-0.135634
2280	0	0	-0.130209
2281	0	0	-0.124784
2282	0	0	-0.119358
2283	0	0	-0.113933
2284	0	0	-0.108507
2285	0	0	-0.103082
2286	0	0	-0.0976562
2287	0	0	-0.0922318
2288	0	0	-0.0868063
2289	0	0	-0.0813808
2290	0	0	-0.0759554
2291	0	0	-0.0705299
2292	0	0	-0.0651045
2293	0	0	-0.059679
2294	0	0	-0.0542536
2295	0	0	-0.0488281
2296	0	0	-0.0434036
2297	0	0	-0.0379782
2298	0	0	-0.0325527
2299	0	0	-0.0271273
2300	0	0	-0.0217018
2301	0	0	-0.0162764
2302	0	0	-0.0108509
2303	0	0	-0.00542545
2304	0	0	0
2305	0	0	0.0054245
2306	0	0	0.01085
2307	0	0	0.0162754
2308	0	0	0.0217009
2309	0	0	0.0271263
2310	0	0	0.0325518
2311	0	0	0.0379772
2312	0	0	0.0434027
2313	0	0	0.0488272
2314	0	0	0.0542526
2315	0	0	0.0596781
2316	0	0	0.0651035
2317	0	0	0.070529
2318	0	0	0.0759544
2319	0	0	0.0813799
2320	0	0	0.0868053
2321	0	0	0.0922308
2322	0	0	0.0976553
2323	0	0	0.103081
2324	0	0	0.108506
2325	0	0	0.113932
2326	0	0	0.119357
2327	0	0	0.124783
2328	0	0	0.130208
2329	0	0	0.135633
2330	0	0	0.141059
2331	0	0	0.146483
2332	0	0	0.151909
2333	0	0	0.157334
2334	0	0	0.16276
2335	0	0	0.168185
2336	0	0	0.173611
2337	0	0	0.179036
2338	0	0	0.184462
2339	0	0	0.189887
2340	0	0	0.195312
2341	0	0	0.200737
2342	0	0	0.206162
2343	0	0	0.211588
2344	0	0	0.217013
2345	0	0	0.222439
2346	0	0	0.227864
2347	0	0	0.23329
2348	0	0	0.238715
2349	0	0	0.24414
2350	0	0	0.249565
2351	0	0	0.254991
2352	0	0	0.260416
2353	0	0	0.265841
2354	0	0	0.271267
2355	0	0	0.276692
2356	0	0	0.282118
2357	0	0	0.287543
2358	0	0	0.292968
2359	0	0	0.298393
2360	0	0	0.303819
2361	0	0	0.309244
2362	0	0	0.31467
2363	0	0	0.320095
2364	0	0	0.325521
2365	0	0	0.330946
2366	0	0	0.336371
2367	0	0	0.341796
2368	0	0	0.347221
2369	0	0	0.352647
2370	0	0	0.358072
2371	0	0	0.363498
2372	0	0	0.368923
2373	0	0	0.374349
2374	0	0	0.379774
2375	0	0	0.3852
2376	0	0	0.390624
2377	0	0	0.396049
2378	0	0	0.401475
2379	0	0	0.4069
2380	0	0	0.412326
2381	0	0	0.417751
2382	0	0	0.423177
2383	0	0	0.428602
2384	0	0	0.434028
2385	0	0	0.439452
2386	0	0	0.444878
2387	0	0	0.450303
2388	0	0	0.455729
2389	0	0	0.461154
2390	0	0	0.466579
2391	0	0	0.472005
2392	0	0	0.47743
2393	0	0	0.482856
2394	0	0	0.48828
2395	0	0	0.493706
2396	0	0	0.499131
2397	0	0	0.504557
2398	0	0	0.509982
2399	0	0	0.515408
2400	0	0	0.520833
2401	0	0	0.526258
2402	0	0	0.531684
2403	0	0	0.537108
2404	0	0	0.542534
2405	0	0	0.547959
2406	0	0	0.553385
2407	0	0	0.55881
2408	0	0	0.564236
2409	0	0	0.569661
2410	0	0	0.575087
2411	0	0	0.580512
2412	0	0	0.585937
2413	0	0	0.591362
2414	0	0	0.596787
2415	0	0	0.602213
2416	0	0	0.607638
2417	0	0	0.613064
2418	0	0	0.618489
2419	0	0	0.623915
2420	0	0	0.62934
2421	0	0	0.634765
2422	0	0	0.64019
2423	0	0	0.645616
2424	0	0	0.651041
2425	0	0	0.656466
2426	0	0	0.661892
2427	0	0	0.667317
2428	0	0	0.672743
2429	0	0	0.678168
2430	0	0	0.683593
2431	0	0	0.689018
2432	0	0	0.694444
2433	0	0	0.699869
2434	0	0	0.705295
2435	0	0	0.71072
2436	0	0	0.716146
2437	0	0	0.721571
2438	0	0	0.726996
2439	0	0	0.732421
2440	0	0	0.737846
2441	0	0	0.743272
2442	0	0	0.748697
2443	0	0	0.754123
2444	0	0	0.759548
2445	0	0	0.764974
2446	0	0	0.770399
2447	0	0	0.775825
2448	0	0	0.781249
2449	0	0	0.786674
2450	0	0	0.7921
2451	0	0	0.797525
2452	0	0	0.802951
2453	0	0	0.808376
2454	0	0	0.813802
2455	0	0	0.819227
2456	0	0	0.824653
2457	0	0	0.830077
2458	0	0	0.835503
2459	0	0	0.840928
2460	0	0	0.846354
2461	0	0	0.851779
2462	0	0	0.857204
2463	0	0	0.86263
2464	0	0	0.868055
2465	0	0	0.873481
2466	0	0	0.878905
2467	0	0	0.884331
2468	0	0	0.889756
2469	0	0	0.895182
2470	0	0	0.900607
2471	0	0	0.906033
2472	0	0	0.911458
2473	0	0	0.916883
2474	0	0	0.922309
2475	0	0	0.927733
2476	0	0	0.933159
2477	0	0	0.938584
2478	0	0	0.94401
2479	0	0	0.949435
2480	0	0	0.954861
2481	0	0	0.960286
2482	0	0	0.965712
2483	0	0	0.971137
2484	0	0	0.976562
2485	0	0	0.981987
2486	0	0	0.987412
2487	0	0	0.992838
2488	0	0	0.998263
2489	0	0	1.00369
2490	0	0	1.00911
2491	0	0	1.01454
2492	0	0	1.01997
2493	0	0	1.02539
2494	0	0	1.03082
2495	0	0	1.03624
2496	0	0	1.04167
2497	0	0	1.04709
2498	0	0	1.05252
2499	0	0	1.05794
2500	0	0	1.06337
2501	0	0	1.06879
2502	0	0	1.07422
2503	0	0	1.07964
2504	0	0	1.08507
2505	0	0	1.09049
2506	0	0	1.09592
2507	0	0	1.10135
2508	0	0	1.10677
2509	0	0	1.1122
2510	0	0	1.11762
2511	0	0	1.12305
2512	0	0	1.12847
2513	0	0	1.1339
2514	0	0	1.13932
2515	0	0	1.14475
2516	0	0	1.15017
2517	0	0	1.1556
2518	0	0	1.16102
2519	0	0	1.16645
2520	0	0	1.17187
2521	0	0	1.1773
2522	0	0	1.18272
2523	0	0	1.18815
2524	0	0	1.19358
2525	0	0	1.199
2526	0	0	1.20443
2527	0	0	1.20985
2528	0	0	1.21528
2529	0	0	1.2207
2530	0	0	1.22613
2531	0	0	1.23155
2532	0	0	1.23698
2533	0	0	1.2424
2534	0	0	1.24783
2535	0	0	1.25325
2536	0	0	1.25868
2537	0	0	1.26411
2538	0	0	1.26953
2539	0	0	1.27496
2540	0	0	1.28038
2541	0	0	1.28581
2542	0	0	1.29123
2543	0	0	1.29666
2544	0	0	1.30208
2545	0	0	1.30751
2546	0	0	1.31293
2547	0	0	1.31836
2548	0	0	1.32378
2549	0	0	1.32921
2550	0	0	1.33463
2551	0	0	1.34006
2552	0	0	1.34549
2553	0	0	1.35091
2554	0	0	1.35634
2555	0	0	1.36176
2556	0	0	1.36719
2557	0	0	1.37261
2558	0	0	1.37804
2559	0	0	1.38346
2560	0	0	1.38889
2561	0	0	1.39431
2562	0	0	1.39974
2563	0	0	1.40516
2564	0	0	1.41059
2565	0	0	1.41601
2566	0	0	1.42144
2567	0	0	1.42687
2568	0	0	1.43229
2569	0	0	1.43772
2570	0	0	1.44314
2571	0	0	1.44857
2572	0	0	1.45399
2573	0	0	1.45942
2574	0	0	1.46484
2575	0	0	1.47027
2576	0	0	1.47569
2577	0	0	1.48112
2578	0	0	1.48654
2579	0	0	1.49197
2580	0	0	1.4974
2581	0	0	1.50282
2582	0	0	1.50825
2583	0	0	1.51367
2584	0	0	1.5191
2585	0	0	1.52452
2586	0	0	1.52995
2587	0	0	1.53537
2588	0	0	1.5408
2589	0	0	1.54622
2590	0	0	1.55165
2591	0	0	1.55707
2592	0	0	1.5625
2593	0	0	1.56792
2594	0	0	1.57335
2595	0	0	1.57878
2596	0	0	1.5842
2597	0	0	1.58963
2598	0	0	1.59505
2599	0	0	1.60048
2600	0	0	1.6059
2601	0	0	1.61133
2602	0	0	1.61675
2603	0	0	1.62218
2604	0	0	1.6276
2605	0	0	1.63303
2606	0	0	1.63845
2607	0	0	1.64388
2608	0	0	1.64931
2609	0	0	1.65473
2610	0	0	1.66016
2611	0	0	1.66558
2612	0	0	1.67101
2613	0	0	1.67643
2614	0	0	1.68186
2615	0	0	1.68728
2616	0	0	1.69271
2617	0	0	1.69813
2618	0	0	1.70356
2619	0	0	1.70898
2620	0	0	1.71441
2621	0	0	1.71983
2622	0	0	1.72526
2623	0	0	1.73069
2624	0	0	1.73611
2625	0	0	1.74154
2626	0	0	1.74696
2627	0	0	1.75239
2628	0	0	1.75781
2629	0	0	1.76324
2630	0	0	1.76866
2631	0	0	1.77409
2632	0	0	1.77951
2633	0	0	1.78494
2634	0	0	1.79036
2635	0	0	1.79579
2636	0	0	1.80122
2637	0	0	1.80664
2638	0	0	1.81207
2639	0	0	1.81749
2640	0	0	1.82292
2641	0	0	1.82834
2642	0	0	1.83377
2643	0	0	1.83919
2644	0	0	1.84462
2645	0	0	1.85004
2646	0	0	1.85547
2647	0	0	1.86089
2648	0	0	1.86632
2649	0	0	1.87174
2650	0	0	1.87717
2651	0	0	1.8826
2652	0	0	1.88802
2653	0	0	1.89345
2654	0	0	1.89887
2655	0	0	1.9043
2656	0	0	1.90972
2657	0	0	1.91515
2658	0	0	1.92057
2659	0	0	1.926
2660	0	0	1.93142
2661	0	0	1.93685
2662	0	0	1.94227
2663	0	0	1.9477
2664	0	0	1.95312
2665	0	0	1.95855
2666	0	0	1.96397
2667	0	0	1.9694
2668	0	0	1.97483
2669	0	0	1.98025
2670	0	0	1.98568
2671	0	0	1.9911
2672	0	0	1.99653
2673	0	0	2.00195
2674	0	0	2.00738
2675	0	0	2.0128
2676	0	0	2.01823
2677	0	0	2.02365
2678	0	0	2.02908
2679	0	0	2.0345
2680	0	0	2.03993
2681	0	0	2.04536
2682	0	0	2.05078
2683	0	0	2.05621
2684	0	0	2.06163
2685	0	0	2.06706
2686	0	0	2.07248
2687	0	0	2.07791
2688	0	0	2.08333
2689	0	0	2.08876
2690	0	0	2.09418
2691	0	0	2.09961
2692	0	0	2.10503
2693	0	0	2.11046
2694	0	0	2.11588
2695	0	0	2.12131
2696	0	0	2.12674
2697	0	0	2.13216
2698	0	0	2.13759
2699	0	0	2.14301
2700	0	0	2.14844
2701	0	0	2.15386
2702	0	0	2.15929
2703	0	0	2.16471
2704	0	0	2.17014
2705	0	0	2.17556
2706	0	0	2.18099
2707	0	0	2.18641
2708	0	0	2.19184
2709	0	0	2.19726
2710	0	0	2.20269
2711	0	0	2.20812
2712	0	0	2.21354
2713	0	0	2.21897
2714	0	0	2.22439
2715	0	0	2.22982
2716	0	0	2.23524
2717	0	0	2.24067
2718	0	0	2.24609
2719	0	0	2.25152
2720	0	0	2.25694
2721	0	0	2.26237
2722	0	0	2.26779
2723	0	0	2.27322
2724	0	0	2.27865
2725	0	0	2.28407
2726	0	0	2.2895
2727	0	0	2.29492
2728	0	0	2.30035
2729	0	0	2.30577
2730	0	0	2.3112
2731	0	0	2.31662
2732	0	0	2.32205
2733	0	0	2.32747
2734	0	0	2.3329
2735	0	0	2.33832
2736	0	0	2.34375
2737	0	0	2.34917
2738	0	0	2.3546
2739	0	0	2.36003
2740	0	0	2.36545
2741	0	0	2.37088
2742	0	0	2.3763
2743	0	0	2.38173
2744	0	0	2.38715
2745	0	0	2.39258
2746	0	0	2.398
2747	0	0	2.40343
2748	0	0	2.40885
2749	0	0	2.41428
2750	0	0	2.4197
2751	0	0	2.42513
2752	0	0	2.43056
2753	0	0	2.43598
2754	0	0	2.44141
2755	0	0	2.44683
2756	0	0	2.45226
2757	0	0	2.45768
2758	0	0	2.46311
2759	0	0	2.46853
2760	0	0	2.47396
2761	0	0	2.47938
2762	0	0	2.48481
2763	0	0	2.49023
2764	0	0	2.49566
2765	0	0	2.50108
2766	0	0	2.50651
2767	0	0	2.51194
2768	0	0	2.51736
2769	0	0	2.52279
2770	0	0	2.52821
2771	0	0	2.53364
2772	0	0	2.53906
2773	0	0	2.54449
2774	0	0	2.54991
2775	0	0	2.55534
2776	0	0	2.56076
2777	0	0	2.56619
2778	0	0	2.57161
2779	0	0	2.57704
2780	0	0	2.58247
2781	0	0	2.58789
2782	0	0	2.59332
2783	0	0	2.59874
2784	0	0	2.60417
2785	0	0	2.60959
2786	0	0	2.61502
2787	0	0	2.62044
2788	0	0	2.62587
2789	0	0	2.63129
2790	0	0	2.63672
2791	0	0	2.64214
2792	0	0	2.64757
2793	0	0	2.65299
2794	0	0	2.65842
2795	0	0	2.66385
2796	0	0	2.66927
2797	0	0	2.6747
2798	0	0	2.68012
2799	0	0	2.68555
2800	0	0	2.69097
2801	0	0	2.6964
2802	0	0	2.70182
2803	0	0	2.70725
2804	0	0	2.71267
2805	0	0	2.7181
2806	0	0	2.72352
2807	0	0	2.72895
2808	0	0	2.73437
2809	0	0	2.7398
2810	0	0	2.74522
2811	0	0	2.75065
2812	0	0	2.75608
2813	0	0	2.7615
2814	0	0	2.76693
2815	0	0	2.77235
2816	0	0	2.77778
2817	0	0	2.7832
2818	0	0	2.78863
2819	0	0	2.79405
2820	0	0	2.79948
2821	0	0	2.8049
2822	0	0	2.81033
2823	0	0	2.81575
2824	0	0	2.82118
2825	0	0	2.8266
2826	0	0	2.83203
2827	0	0	2.83746
2828	0	0	2.84288
2829	0	0	2.84831
2830	0	0	2.85373
2831	0	0	2.85916
2832	0	0	2.86458
2833	0	0	2.87001
2834	0	0	2.87543
2835	0	0	2.88086
2836	0	0	2.88628
2837	0	0	2.89171
2838	0	0	2.89713
2839	0	0	2.90256
2840	0	0	2.90799
2841	0	0	2.91341
2842	0	0	2.91884
2843	0	0	2.92426
2844	0	0	2.92969
2845	0	0	2.93511
2846	0	0	2.94054
2847	0	0	2.94596
2848	0	0	2.95139
2849	0	0	2.95681
2850	0	0	2.96224
2851	0	0	2.96766
2852	0	0	2.97309
2853	0	0	2.97851
2854	0	0	2.98394
2855	0	0	2.98937
2856	0	0	2.99479
2857	0	0	3.00022
2858	0	0	3.00564
2859	0	0	3.01107
2860	0	0	3.01649
2861	0	0	3.02192
2862	0	0	3.02734
2863	0	0	3.03277
2864	0	0	3.03819
2865	0	0	3.04362
2866	0	0	3.04904
2867	0	0	3.05447
2868	0	0	3.0599
2869	0	0	3.06532
2870	0	0	3.07075
2871	0	0	3.07617
2872	0	0	3.0816
2873	0	0	3.08702
2874	0	0	3.09245
2875	0	0	3.09787
2876	0	0	3.1033
2877	0	0	3.10872
2878	0	0	3.11415
2879	0	0	3.11957
2880	0	0	3.125
2881	0	0	3.13042
2882	0	0	3.13585
2883	0	0	3.14128
2884	0	0	3.1467
2885	0	0	3.15213
2886	0	0	3.15755
2887	0	0	3.16298
2888	0	0	3.1684
2889	0	0	3.17383
2890	0	0	3.17925
2891	0	0	3.18468
2892	0	0	3.1901
2893	0	0	3.19553
2894	0	0	3.20095
2895	0	0	3.20638
2896	0	0	3.21181
2897	0	0	3.21723
2898	0	0	3.22266
2899	0	0	3.22808
2900	0	0	3.23351
2901	0	0	3.23893
2902	0	0	3.24436
2903	0	0	3.24978
2904	0	0	3.25521
2905	0	0	3.26063
2906	0	0	3.26606
2907	0	0	3.27148
2908	0	0	3.27691
2909	0	0	3.28233
2910	0	0	3.28776
2911	0	0	3.29319
2912	0	0	3.29861
2913	0	0	3.30404
2914	0	0	3.30946
2915	0	0	3.31489
2916	0	0	3.32031
2917	0	0	3.32574
2918	0	0	3.33116
2919	0	0	3.33659
2920	0	0	3.34201
2921	0	0	3.34744
2922	0	0	3.35286
2923	0	0	3.35829
2924	0	0	3.36371
2925	0	0	3.36914
2926	0	0	3.37457
2927	0	0	3.37999
2928	0	0	3.38542
2929	0	0	3.39084
2930	0	0	3.39627
2931	0	0	3.40169
2932	0	0	3.40712
2933	0	0	3.41254
2934	0	0	3.41797
2935	0	0	3.42339
2936	0	0	3.42882
2937	0	0	3.43424
2938	0	0	3.43967
2939	0	0	3.4451
2940	0	0	3.45052
2941	0	0	3.45595
2942	0	0	3.46137
2943	0	0	3.4668
2944	0	0	3.47222
2945	0	0	3.47765
2946	0	0	3.48307
2947	0	0	3.4885
2948	0	0	3.49392
2949	0	0	3.49935
2950	0	0	3.50477
2951	0	0	3.5102
2952	0	0	3.51562
2953	0	0	3.52105
2954	0	0	3.52648
2955	0	0	3.5319
2956	0	0	3.53732
2957	0	0	3.54275
2958	0	0	3.54818
2959	0	0	3.5536
2960	0	0	3.55903
2961	0	0	3.56445
2962	0	0	3.56988
2963	0	0	3.5753
2964	0	0	3.58073
2965	0	0	3.58615
2966	0	0	3.59158
2967	0	0	3.597
2968	0	0	3.60243
2969	0	0	3.60785
2970	0	0	3.61328
2971	0	0	3.61871
2972	0	0	3.62413
2973	0	0	3.62956
2974	0	0	3.63498
2975	0	0	3.64041
2976	0	0	3.64583
2977	0	0	3.65126
2978	0	0	3.65668
2979	0	0	3.66211
2980	0	0	3.66753
2981	0	0	3.67296
2982	0	0	3.67838
2983	0	0	3.68381
2984	0	0	3.68924
2985	0	0	3.69466
2986	0	0	3.70009
2987	0	0	3.70551
2988	0	0	3.71094
2989	0	0	3.71636
2990	0	0	3.72179
2991	0	0	3.72721
2992	0	0	3.73264
2993	0	0	3.73806
2994	0	0	3.74349
2995	0	0	3.74891
2996	0	0	3.75434
2997	0	0	3.75977
2998	0	0	3.76519
2999	0	0	3.77062
3000	0	0	3.77604
3001	0	0	3.78147
3002	0	0	3.78689
3003	0	0	3.79232
3004	0	0	3.79774
3005	0	0	3.80317
3006	0	0	3.80859
3007	0	0	3.81402
3008	0	0	3.81944
3009	0	0	3.82487
3010	0	0	3.83029
3011	0	0	3.83572
3012	0	0	3.84114
3013	0	0	3.84657
3014	0	0	3.852
3015	0	0	3.85742
3016	0	0	3.86285
3017	0	0	3.86827
3018	0	0	3.8737
3019	0	0	3.87912
3020	0	0	3.88455
3021	0	0	3.88997
3022	0	0	3.8954
3023	0	0	3.90082
3024	0	0	3.90625
3025	0	0	3.91167
3026	0	0	3.9171
3027	0	0	3.92253
3028	0	0	3.92795
3029	0	0	3.93338
3030	0	0	3.9388
3031	0	0	3.94423
3032	0	0	3.94965
3033	0	0	3.95508
3034	0	0	3.9605
3035	0	0	3.96593
3036	0	0	3.97135
3037	0	0	3.97678
3038	0	0	3.9822
3039	0	0	3.98763
3040	0	0	3.99306
3041	0	0	3.99848
3042	0	0	4.00391
3043	0	0	4.00933
3044	0	0	4.01476
3045	0	0	4.02018
3046	0	0	4.02561
3047	0	0	4.03103
3048	0	0	4.03646
3049	0	0	4.04188
3050	0	0	4.04731
3051	0	0	4.05273
3052	0	0	4.05816
3053	0	0	4.06359
3054	0	0	4.06901
3055	0	0	4.07443
3056	0	0	4.07986
3057	0	0	4.08529
3058	0	0	4.09071
3059	0	0	4.09614
3060	0	0	4.10156
3061	0	0	4.10699
3062	0	0	4.11241
3063	0	0	4.11784
3064	0	0	4.12326
3065	0	0	4.12869
3066	0	0	4.13411
3067	0	0	4.13954
3068	0	0	4.14496
3069	0	0	4.15039
3070	0	0	4.15582
3071	0	0	4.16124
3072	0	0	4.16667
3073	0	0	4.17209
3074	0	0	4.17752
3075	0	0	4.18294
3076	0	0	4.18837
3077	0	0	4.19379
3078	0	0	4.19922
3079	0	0	4.20464
3080	0	0	4.21007
3081	0	0	4.21549
3082	0	0	4.22092
3083	0	0	4.22635
3084	0	0	4.23177
3085	0	0	4.2372
3086	0	0	4.24262
3087	0	0	4.24805
3088	0	0	4.25347
3089	0	0	4.2589
3090	0	0	4.26432
3091	0	0	4.26975
3092	0	0	4.27517
3093	0	0	4.2806
3094	0	0	4.28602
3095	0	0	4.29145
3096	0	0	4.29688
3097	0	0	4.3023
3098	0	0	4.30773
3099	0	0	4.31315
3100	0	0	4.31857
3101	0	0	4.324
3102	0	0	4.32943
3103	0	0	4.33485
3104	0	0	4.34028
3105	0	0	4.3457
3106	0	0	4.35113
3107	0	0	4.35655
3108	0	0	4.36198
3109	0	0	4.3674
3110	0	0	4.37283
3111	0	0	4.37825
3112	0	0	4.38368
3113	0	0	4.3891
3114	0	0	4.39453
3115	0	0	4.39996
3116	0	0	4.40538
3117	0	0	4.41081
3118	0	0	4.41623
3119	0	0	4.42166
3120	0	0	4.42708
3121	0	0	4.43251
3122	0	0	4.43793
3123	0	0	4.44336
3124	0	0	4.44878
3125	0	0	4.45421
3126	0	0	4.45963
3127	0	0	4.46506
3128	0	0	4.47049
3129	0	0	4.47591
3130	0	0	4.48134
3131	0	0	4.48676
3132	0	0	4.49219
3133	0	0	4.49761
3134	0	0	4.50304
3135	0	0	4.50846
3136	0	0	4.51389
3137	0	0	4.51931
3138	0	0	4.52474
3139	0	0	4.53016
3140	0	0	4.53559
3141	0	0	4.54102
3142	0	0	4.54644
3143	0	0	4.55187
3144	0	0	4.55729
3145	0	0	4.56272
3146	0	0	4.56814
3147	0	0	4.57357
3148	0	0	4.57899
3149	0	0	4.58442
3150	0	0	4.58984
3151	0	0	4.59527
3152	0	0	4.60069
3153	0	0	4.60612
3154	0	0	4.61154
3155	0	0	4.61697
3156	0	0	4.62239
3157	0	0	4.62782
3158	0	0	4.63325
3159	0	0	4.63867
3160	0	0	4.6441
3161	0	0	4.64952
3162	0	0	4.65495
3163	0	0	4.66037
3164	0	0	4.6658
3165	0	0	4.67122
3166	0	0	4.67665
3167	0	0	4.68207
3168	0	0	4.6875
3169	0	0	4.69292
3170	0	0	4.69835
3171	0	0	4.70378
3172	0	0	4.7092
3173	0	0	4.71463
3174	0	0	4.72005
3175	0	0	4.72548
3176	0	0	4.7309
3177	0	0	4.73633
3178	0	0	4.74175
3179	0	0	4.74718
3180	0	0	4.7526
3181	0	0	4.75803
3182	0	0	4.76345
3183	0	0	4.76888
3184	0	0	4.77431
3185	0	0	4.77973
3186	0	0	4.78516
3187	0	0	4.79058
3188	0	0	4.79601
3189	0	0	4.80143
3190	0	0	4.80686
3191	0	0	4.81228
3192	0	0	4.81771
3193	0	0	4.82313
3194	0	0	4.82856
3195	0	0	4.83398
3196	0	0	4.83941
3197	0	0	4.84484
3198	0	0	4.85026
3199	0	0	4.85568
3200	0	0	4.86111
3201	0	0	4.86654
3202	0	0	4.87196
3203	0	0	4.87739
3204	0	0	4.88281
3205	0	0	4.88824
3206	0	0	4.89366
3207	0	0	4.89909
3208	0	0	4.90451
3209	0	0	4.90994
3210	0	0	4.91536
3211	0	0	4.92079
3212	0	0	4.92621
3213	0	0	4.93164
3214	0	0	4.93707
3215	0	0	4.94249
3216	0	0	4.94792
3217	0	0	4.95334
3218	0	0	4.95877
3219	0	0	4.96419
3220	0	0	4.96962
3221	0	0	4.97504
3222	0	0	4.98047
3223	0	0	4.98589
3224	0	0	4.99132
3225	0	0	4.99674
3226	0	0	5.00217
3227	0	0	5.0076
3228	0	0	5.01302
3229	0	0	5.01845
3230	0	0	5.02387
3231	0	0	5.0293
3232	0	0	5.03472
3233	0	0	5.04015
3234	0	0	5.04557
3235	0	0	5.051
3236	0	0	5.05642
3237	0	0	5.06185
3238	0	0	5.06727
3239	0	0	5.0727
3240	0	0	5.07812
3241	0	0	5.08355
3242	0	0	5.08898
3243	0	0	5.0944
3244	0	0	5.09982
3245	0	0	5.10525
3246	0	0	5.11068
3247	0	0	5.1161
3248	0	0	5.12153
3249	0	0	5.12695
3250	0	0	5.13238
3251	0	0	5.1378
3252	0	0	5.14323
3253	0	0	5.14865
3254	0	0	5.15408
3255	0	0	5.1595
3256	0	0	5.16493
3257	0	0	5.17035
3258	0	0	5.17578
3259	0	0	5.18121
3260	0	0	5.18663
3261	0	0	5.19206
3262	0	0	5.19748
3263	0	0	5.20291
3264	0	0	5.20833
3265	0	0	5.21376
3266	0	0	5.21918
3267	0	0	5.22461
3268	0	0	5.23003
3269	0	0	5.23546
3270	0	0	5.24088
3271	0	0	5.24631
3272	0	0	5.25174
3273	0	0	5.25716
3274	0	0	5.26259
3275	0	0	5.26801
3276	0	0	5.27344
3277	0	0	5.27886
3278	0	0	5.28429
3279	0	0	5.28971
3280	0	0	5.29514
3281	0	0	5.30056
3282	0	0	5.30599
3283	0	0	5.31141
3284	0	0	5.31684
3285	0	0	5.32227
3286	0	0	5.32769
3287	0	0	5.33312
3288	0	0	5.33854
3289	0	0	5.34397
3290	0	0	5.34939
3291	0	0	5.35482
3292	0	0	5.36024
3293	0	0	5.36567
3294	0	0	5.37109
3295	0	0	5.37652
3296	0	0	5.38194
3297	0	0	5.38737
3298	0	0	5.39279
3299	0	0	5.39822
3300	0	0	5.40364
3301	0	0	5.40907
3302	0	0	5.4145
3303	0	0	5.41992
3304	0	0	5.42535
3305	0	0	5.43077
3306	0	0	5.4362
3307	0	0	5.44162
3308	0	0	5.44705
3309	0	0	5.45247
3310	0	0	5.4579
3311	0	0	5.46332
3312	0	0	5.46875
3313	0	0	5.47417
3314	0	0	5.4796
3315	0	0	5.48503
3316	0	0	5.49045
3317	0	0	5.49588
3318	0	0	5.5013
3319	0	0	5.50673
3320	0	0	5.51215
3321	0	0	5.51758
3322	0	0	5.523
3323	0	0	5.52843
3324	0	0	5.53385
3325	0	0	5.53928
3326	0	0	5.5447
3327	0	0	5.55013
3328	0	0	5.55556
3329	0	0	5.56098
3330	0	0	5.56641
3331	0	0	5.57183
3332	0	0	5.57726
3333	0	0	5.58268
3334	0	0	5.58811
3335	0	0	5.59353
3336	0	0	5.59896
3337	0	0	5.60438
3338	0	0	5.60981
3339	0	0	5.61523
3340	0	0	5.62066
3341	0	0	5.62609
3342	0	0	5.63151
3343	0	0	5.63693
3344	0	0	5.64236
3345	0	0	5.64779
3346	0	0	5.65321
3347	0	0	5.65864
3348	0	0	5.66406
3349	0	0	5.66949
3350	0	0	5.67491
3351	0	0	5.68034
3352	0	0	5.68576
3353	0	0	5.69119
3354	0	0	5.69661
3355	0	0	5.70204
3356	0	0	5.70746
3357	0	0	5.71289
3358	0	0	5.71832
3359	0	0	5.72374
3360	0	0	5.72917
3361	0	0	5.73459
3362	0	0	5.74002
3363	0	0	5.74544
3364	0	0	5.75087
3365	0	0	5.75629
3366	0	0	5.76172
3367	0	0	5.76714
3368	0	0	5.77257
3369	0	0	5.77799
3370	0	0	5.78342
3371	0	0	5.78885
3372	0	0	5.79427
3373	0	0	5.7997
3374	0	0	5.80512
3375	0	0	5.81055
3376	0	0	5.81597
3377	0	0	5.8214
3378	0	0	5.82682
3379	0	0	5.83225
3380	0	0	5.83767
3381	0	0	5.8431
3382	0	0	5.84852
3383	0	0	5.85395
3384	0	0	5.85938
3385	0	0	5.8648
3386	0	0	5.87023
3387	0	0	5.87565
3388	0	0	5.88107
3389	0	0	5.8865
3390	0	0	5.89193
3391	0	0	5.89735
3392	0	0	5.90278
3393	0	0	5.9082
3394	0	0	5.91363
3395	0	0	5.91905
3396	0	0	5.92448
3397	0	0	5.9299
3398	0	0	5.93533
3399	0	0	5.94075
3400	0	0	5.94618
3401	0	0	5.9516
3402	0	0	5.95703
3403	0	0	5.96246
3404	0	0	5.96788
3405	0	0	5.97331
3406	0	0	5.97873
3407	0	0	5.98416
3408	0	0	5.98958
3409	0	0	5.99501
3410	0	0	6.00043
3411	0	0	6.00586
3412	0	0	6.01128
3413	0	0	6.01671
3414	0	0	6.02213
3415	0	0	6.02756
3416	0	0	6.03299
3417	0	0	6.03841
3418	0	0	6.04384
3419	0	0	6.04926
3420	0	0	6.05469
3421	0	0	6.06011
3422	0	0	6.06554
3423	0	0	6.07096
3424	0	0	6.07639
3425	0	0	6.08181
3426	0	0	6.08724
3427	0	0	6.09266
3428	0	0	6.09809
3429	0	0	6.10352
3430	0	0	6.10894
3431	0	0	6.11437
3432	0	0	6.11979
3433	0	0	6.12522
3434	0	0	6.13064
3435	0	0	6.13607
3436	0	0	6.14149
3437	0	0	6.14692
3438	0	0	6.15234
3439	0	0	6.15777
3440	0	0	6.16319
3441	0	0	6.16862
3442	0	0	6.17404
3443	0	0	6.17947
3444	0	0	6.18489
3445	0	0	6.19032
3446	0	0	6.19575
3447	0	0	6.20117
3448	0	0	6.2066
3449	0	0	6.21202
3450	0	0	6.21745
3451	0	0	6.22287
3452	0	0	6.2283
3453	0	0	6.23372
3454	0	0	6.23915
3455	0	0	6.24457
3456	0	0	6.25
3457	0	0	6.25542
3458	0	0	6.26085
3459	0	0	6.26628
3460	0	0	6.2717
3461	0	0	6.27713
3462	0	0	6.28255
3463	0	0	6.28798
3464	0	0	6.2934
3465	0	0	6.29883
3466	0	0	6.30425
3467	0	0	6.30968
3468	0	0	6.3151
3469	0	0	6.32053
3470	0	0	6.32595
3471	0	0	6.33138
3472	0	0	6.33681
3473	0	0	6.34223
3474	0	0	6.34766
3475	0	0	6.35308
3476	0	0	6.35851
3477	0	0	6.36393
3478	0	0	6.36936
3479	0	0	6.37478
3480	0	0	6.38021
3481	0	0	6.38563
3482	0	0	6.39106
3483	0	0	6.39648
3484	0	0	6.40191
3485	0	0	6.40734
3486	0	0	6.41276
3487	0	0	6.41818
3488	0	0	6.42361
3489	0	0	6.42904
3490	0	0	6.43446
3491	0	0	6.43989
3492	0	0	6.44531
3493	0	0	6.45074
3494	0	0	6.45616
3495	0	0	6.46159
3496	0	0	6.46701
3497	0	0	6.47244
3498	0	0	6.47786
3499	0	0	6.48329
3500	0	0	6.48871
3501	0	0	6.49414
3502	0	0	6.49957
3503	0	0	6.50499
3504	0	0	6.51042
3505	0	0	6.51584
3506	0	0	6.52127
3507	0	0	6.52669
3508	0	0	6.53212
3509	0	0	6.53754
3510	0	0	6.54297
3511	0	0	6.54839
3512	0	0	6.55382
3513	0	0	6.55924
3514	0	0	6.56467
3515	0	0	6.5701
3516	0	0	6.57552
3517	0	0	6.58095
3518	0	0	6.58637
3519	0	0	6.5918
3520	0	0	6.59722
3521	0	0	6.60265
3522	0	0	6.60807
3523	0	0	6.6135
3524	0	0	6.61892
3525	0	0	6.62435
3526	0	0	6.62977
3527	0	0	6.6352
3528	0	0	6.64062
3529	0	0	6.64605
3530	0	0	6.65148
3531	0	0	6.6569
3532	0	0	6.66232
3533	0	0	6.66775
3534	0	0	6.67318
3535	0	0	6.6786
3536	0	0	6.68403
3537	0	0	6.68945
3538	0	0	6.69488
3539	0	0	6.7003
3540	0	0	6.70573
3541	0	0	6.71115
3542	0	0	6.71658
3543	0	0	6.722
3544	0	0	6.72743
3545	0	0	6.73285
3546	0	0	6.73828
3547	0	0	6.74371
3548	0	0	6.74913
3549	0	0	6.75456
3550	0	0	6.75998
3551	0	0	6.76541
3552	0	0	6.77083
3553	0	0	6.77626
3554	0	0	6.78168
3555	0	0	6.78711
3556	0	0	6.79253
3557	0	0	6.79796
3558	0	0	6.80338
3559	0	0	6.80881
3560	0	0	6.81424
3561	0	0	6.81966
3562	0	0	6.82509
3563	0	0	6.83051
3564	0	0	6.83594
3565	0	0	6.84136
3566	0	0	6.84679
3567	0	0	6.85221
3568	0	0	6.85764
3569	0	0	6.86306
3570	0	0	6.86849
3571	0	0	6.87391
3572	0	0	6.87934
3573	0	0	6.88477
3574	0	0	6.89019
3575	0	0	6.89562
3576	0	0	6.90104
3577	0	0	6.90647
3578	0	0	6.91189
3579	0	0	6.91732
3580	0	0	6.92274
3581	0	0	6.92817
3582	0	0	6.93359
3583	0	0	6.93902
3584	0	0	6.94444
3585	0	0	6.94987
3586	0	0	6.95529
3587	0	0	6.96072
3588	0	0	6.96614
3589	0	0	6.97157
3590	0	0	6.977
3591	0	0	6.98242
3592	0	0	6.98785
3593	0	0	6.99327
3594	0	0	6.9987
3595	0	0	7.00412
3596	0	0	7.00955
3597	0	0	7.01497
3598	0	0	7.0204
3599	0	0	7.02582
3600	0	0	7.03125
3601	0	0	7.03667
3602	0	0	7.0421
3603	0	0	7.04753
3604	0	0	7.05295
3605	0	0	7.05838
3606	0	0	7.0638
3607	0	0	7.06923
3608	0	0	7.07465
3609	0	0	7.08008
3610	0	0	7.0855
3611	0	0	7.09093
3612	0	0	7.09635
3613	0	0	7.10178
3614	0	0	7.1072
3615	0	0	7.11263
3616	0	0	7.11806
3617	0	0	7.12348
3618	0	0	7.12891
3619	0	0	7.13433
3620	0	0	7.13976
3621	0	0	7.14518
3622	0	0	7.15061
3623	0	0	7.15603
3624	0	0	7.16146
3625	0	0	7.16688
3626	0	0	7.17231
3627	0	0	7.17773
3628	0	0	7.18316
3629	0	0	7.18858
3630	0	0	7.19401
3631	0	0	7.19943
3632	0	0	7.20486
3633	0	0	7.21029
3634	0	0	7.21571
3635	0	0	7.22114
3636	0	0	7.22656
3637	0	0	7.23199
3638	0	0	7.23741
3639	0	0	7.24284
3640	0	0	7.24826
3641	0	0	7.25369
3642	0	0	7.25911
3643	0	0	7.26454
3644	0	0	7.26996
3645	0	0	7.27539
3646	0	0	7.28082
3647	0	0	7.28624
3648	0	0	7.29167
3649	0	0	7.29709
3650	0	0	7.30252
3651	0	0	7.30794
3652	0	0	7.31337
3653	0	0	7.31879
3654	0	0	7.32422
3655	0	0	7.32964
3656	0	0	7.33507
3657	0	0	7.34049
3658	0	0	7.34592
3659	0	0	7.35135
3660	0	0	7.35677
3661	0	0	7.3622
3662	0	0	7.36762
3663	0	0	7.37305
3664	0	0	7.37847
3665	0	0	7.3839
3666	0	0	7.38932
3667	0	0	7.39475
3668	0	0	7.40017
3669	0	0	7.4056
3670	0	0	7.41102
3671	0	0	7.41645
3672	0	0	7.42188
3673	0	0	7.4273
3674	0	0	7.43272
3675	0	0	7.43815
3676	0	0	7.44357
3677	0	0	7.449
3678	0	0	7.45443
3679	0	0	7.45985
3680	0	0	7.46528
3681	0	0	7.4707
3682	0	0	7.47613
3683	0	0	7.48155
3684	0	0	7.48698
3685	0	0	7.4924
3686	0	0	7.49783
3687	0	0	7.50325
3688	0	0	7.50868
3689	0	0	7.5141
3690	0	0	7.51953
3691	0	0	7.52496
3692	0	0	7.53038
3693	0	0	7.53581
3694	0	0	7.54123
3695	0	0	7.54666
3696	0	0	7.55208
3697	0	0	7.55751
3698	0	0	7.56293
3699	0	0	7.56836
3700	0	0	7.57378
3701	0	0	7.57921
3702	0	0	7.58463
3703	0	0	7.59006
3704	0	0	7.59549
3705	0	0	7.60091
3706	0	0	7.60634
3707	0	0	7.61176
3708	0	0	7.61719
3709	0	0	7.62261
3710	0	0	7.62804
3711	0	0	7.63346
3712	0	0	7.63889
3713	0	0	7.64431
3714	0	0	7.64974
3715	0	0	7.65516
3716	0	0	7.66059
3717	0	0	7.66602
3718	0	0	7.67144
3719	0	0	7.67686
3720	0	0	7.68229
3721	0	0	7.68772
3722	0	0	7.69314
3723	0	0	7.69857
3724	0	0	7.70399
3725	0	0	7.70942
3726	0	0	7.71484
3727	0	0	7.72027
3728	0	0	7.72569
3729	0	0	7.73112
3730	0	0	7.73654
3731	0	0	7.74197
3732	0	0	7.74739
3733	0	0	7.75282
3734	0	0	7.75825
3735	0	0	7.76367
3736	0	0	7.7691
3737	0	0	7.77452
3738	0	0	7.77995
3739	0	0	7.78537
3740	0	0	7.7908
3741	0	0	7.79622
3742	0	0	7.80165
3743	0	0	7.80707
3744	0	0	7.8125
3745	0	0	7.81792
3746	0	0	7.82335
3747	0	0	7.82878
3748	0	0	7.8342
3749	0	0	7.83963
3750	0	0	7.84505
3751	0	0	7.85048
3752	0	0	7.8559
3753	0	0	7.86133
3754	0	0	7.86675
3755	0	0	7.87218
3756	0	0	7.8776
3757	0	0	7.88303
3758	0	0	7.88845
3759	0	0	7.89388
3760	0	0	7.89931
3761	0	0	7.90473
3762	0	0	7.91016
3763	0	0	7.91558
3764	0	0	7.92101
3765	0	0	7.92643
3766	0	0	7.93186
3767	0	0	7.93728
3768	0	0	7.94271
3769	0	0	7.94813
3770	0	0	7.95356
3771	0	0	7.95898
3772	0	0	7.96441
3773	0	0	7.96983
3774	0	0	7.97526
3775	0	0	7.98068
3776	0	0	7.98611
3777	0	0	7.99154
3778	0	0	7.99696
3779	0	0	8.00239
3780	0	0	8.00781
3781	0	0	8.01324
3782	0	0	8.01866
3783	0	0	8.02409
3784	0	0	8.02951
3785	0	0	8.03494
3786	0	0	8.04036
3787	0	0	8.04579
3788	0	0	8.05121
3789	0	0	8.05664
3790	0	0	8.06207
3791	0	0	8.06749
3792	0	0	8.07292
3793	0	0	8.07834
3794	0	0	8.08377
3795	0	0	8.08919
3796	0	0	8.09462
3797	0	0	8.10004
3798	0	0	8.10547
3799	0	0	8.11089
3800	0	0	8.11632
3801	0	0	8.12174
3802	0	0	8.12717
3803	0	0	8.1326
3804	0	0	8.13802
3805	0	0	8.14345
3806	0	0	8.14887
3807	0	0	8.1543
3808	0	0	8.15972
3809	0	0	8.16515
3810	0	0	8.17057
3811	0	0	8.176
3812	0	0	8.18142
3813	0	0	8.18685
3814	0	0	8.19227
3815	0	0	8.1977
3816	0	0	8.20312
3817	0	0	8.20855
3818	0	0	8.21397
3819	0	0	8.2194
3820	0	0	8.22482
3821	0	0	8.23025
3822	0	0	8.23568
3823	0	0	8.2411
3824	0	0	8.24653
3825	0	0	8.25195
3826	0	0	8.25738
3827	0	0	8.2628
3828	0	0	8.26823
3829	0	0	8.27365
3830	0	0	8.27908
3831	0	0	8.2845
3832	0	0	8.28993
3833	0	0	8.29535
3834	0	0	8.30078
3835	0	0	8.30621
3836	0	0	8.31163
3837	0	0	8.31706
3838	0	0	8.32248
3839	0	0	8.32791
3840	0	0	8.33333
3841	0	0	8.33876
3842	0	0	8.34418
3843	0	0	8.34961
3844	0	0	8.35503
3845	0	0	8.36046
3846	0	0	8.36588
3847	0	0	8.37131
3848	0	0	8.37674
3849	0	0	8.38216
3850	0	0	8.38759
3851	0	0	8.39301
3852	0	0	8.39844
3853	0	0	8.40386
3854	0	0	8.40929
3855	0	0	8.41471
3856	0	0	8.42014
3857	0	0	8.42556
3858	0	0	8.43099
3859	0	0	8.43641
3860	0	0	8.44184
3861	0	0	8.44727
3862	0	0	8.45269
3863	0	0	8.45811
3864	0	0	8.46354
3865	0	0	8.46897
3866	0	0	8.47439
3867	0	0	8.47982
3868	0	0	8.48524
3869	0	0	8.49067
3870	0	0	8.49609
3871	0	0	8.50152
3872	0	0	8.50694
3873	0	0	8.51237
3874	0	0	8.51779
3875	0	0	8.52322
3876	0	0	8.52864
3877	0	0	8.53407
3878	0	0	8.5395
3879	0	0	8.54492
3880	0	0	8.55035
3881	0	0	8.55577
3882	0	0	8.5612
3883	0	0	8.56662
3884	0	0	8.57205
3885	0	0	8.57747
3886	0	0	8.5829
3887	0	0	8.58832
3888	0	0	8.59375
3889	0	0	8.59917
3890	0	0	8.6046
3891	0	0	8.61003
3892	0	0	8.61545
3893	0	0	8.62088
3894	0	0	8.6263
3895	0	0	8.63173
3896	0	0	8.63715
3897	0	0	8.64258
3898	0	0	8.648
3899	0	0	8.65343
3900	0	0	8.65885
3901	0	0	8.66428
3902	0	0	8.6697
3903	0	0	8.67513
3904	0	0	8.68056
3905	0	0	8.68598
3906	0	0	8.69141
3907	0	0	8.69683
3908	0	0	8.70226
3909	0	0	8.70768
3910	0	0	8.71311
3911	0	0	8.71853
3912	0	0	8.72396
3913	0	0	8.72938
3914	0	0	8.73481
3915	0	0	8.74023
3916	0	0	8.74566
3917	0	0	8.75108
3918	0	0	8.75651
3919	0	0	8.76193
3920	0	0	8.76736
3921	0	0	8.77279
3922	0	0	8.77821
3923	0	0	8.78364
3924	0	0	8.78906
3925	0	0	8.79449
3926	0	0	8.79991
3927	0	0	8.80534
3928	0	0	8.81076
3929	0	0	8.81619
3930	0	0	8.82161
3931	0	0	8.82704
3932	0	0	8.83246
3933	0	0	8.83789
3934	0	0	8.84332
3935	0	0	8.84874
3936	0	0	8.85417
3937	0	0	8.85959
3938	0	0	8.86502
3939	0	0	8.87044
3940	0	0	8.87587
3941	0	0	8.88129
3942	0	0	8.88672
3943	0	0	8.89214
3944	0	0	8.89757
3945	0	0	8.90299
3946	0	0	8.90842
3947	0	0	8.91385
3948	0	0	8.91927
3949	0	0	8.9247
3950	0	0	8.93012
3951	0	0	8.93555
3952	0	0	8.94097
3953	0	0	8.9464
3954	0	0	8.95182
3955	0	0	8.95725
3956	0	0	8.96267
3957	0	0	8.9681
3958	0	0	8.97352
3959	0	0	8.97895
3960	0	0	8.98438
3961	0	0	8.9898
3962	0	0	8.99522
3963	0	0	9.00065
3964	0	0	9.00607
3965	0	0	9.0115
3966	0	0	9.01693
3967	0	0	9.02235
3968	0	0	9.02778
3969	0	0	9.0332
3970	0	0	9.03863
3971	0	0	9.04405
3972	0	0	9.04948
3973	0	0	9.0549
3974	0	0	9.06033
3975	0	0	9.06575
3976	0	0	9.07118
3977	0	0	9.0766
3978	0	0	9.08203
3979	0	0	9.08746
3980	0	0	9.09288
3981	0	0	9.09831
3982	0	0	9.10373
3983	0	0	9.10916
3984	0	0	9.11458
3985	0	0	9.12001
3986	0	0	9.12543
3987	0	0	9.13086
3988	0	0	9.13628
3989	0	0	9.14171
3990	0	0	9.14713
3991	0	0	9.15256
3992	0	0	9.15799
3993	0	0	9.16341
3994	0	0	9.16884
3995	0	0	9.17426
3996	0	0	9.17969
3997	0	0	9.18511
3998	0	0	9.19054
3999	0	0	9.19596
4000	0	0	9.20139
4001	0	0	9.20681
4002	0	0	9.21224
4003	0	0	9.21766
4004	0	0	9.22309
4005	0	0	9.22852
4006	0	0	9.23394
4007	0	0	9.23936
4008	0	0	9.24479
4009	0	0	9.25022
4010	0	0	9.25564
4011	0	0	9.26107
4012	0	0	9.26649
4013	0	0	9.27192
4014	0	0	9.27734
4015	0	0	9.28277
4016	0	0	9.28819
4017	0	0	9.29362
4018	0	0	9.29904
4019	0	0	9.30447
4020	0	0	9.30989
4021	0	0	9.31532
4022	0	0	9.32075
4023	0	0	9.32617
4024	0	0	9.3316
4025	0	0	9.33702
4026	0	0	9.34245
4027	0	0	9.34787
4028	0	0	9.3533
4029	0	0	9.35872
4030	0	0	9.36415
4031	0	0	9.36957
4032	0	0	9.375
4033	0	0	9.38042
4034	0	0	9.38585
4035	0	0	9.39128
4036	0	0	9.3967
4037	0	0	9.40213
4038	0	0	9.40755
4039	0	0	9.41298
4040	0	0	9.4184
4041	0	0	9.42383
4042	0	0	9.42925
4043	0	0	9.43468
4044	0	0	9.4401
4045	0	0	9.44553
4046	0	0	9.45095
4047	0	0	9.45638
4048	0	0	9.46181
4049	0	0	9.46723
4050	0	0	9.47266
4051	0	0	9.47808
4052	0	0	9.48351
4053	0	0	9.48893
4054	0	0	9.49436
4055	0	0	9.49978
4056	0	0	9.50521
4057	0	0	9.51063
4058	0	0	9.51606
4059	0	0	9.52148
4060	0	0	9.52691
4061	0	0	9.53233
4062	0	0	9.53776
4063	0	0	9.54318
4064	0	0	9.54861
4065	0	0	9.55404
4066	0	0	9.55946
4067	0	0	9.56489
4068	0	0	9.57031
4069	0	0	9.57574
4070	0	0	9.58116
4071	0	0	9.58659
4072	0	0	9.59201
4073	0	0	9.59744
4074	0	0	9.60286
4075	0	0	9.60829
4076	0	0	9.61371
4077	0	0	9.61914
4078	0	0	9.62457
4079	0	0	9.62999
4080	0	0	9.63542
4081	0	0	9.64084
4082	0	0	9.64627
4083	0	0	9.65169
4084	0	0	9.65712
4085	0	0	9.66254
4086	0	0	9.66797
4087	0	0	9.67339
4088	0	0	9.67882
4089	0	0	9.68424
4090	0	0	9.68967
4091	0	0	9.6951
4092	0	0	9.70052
4093	0	0	9.70595
4094	0	0	9.71137
4095	0	0	9.7168
4096	0	0	9.72222
4097	0	0	9.72765
4098	0	0	9.73307
4099	0	0	9.7385
4100	0	0	9.74392
4101	0	0	9.74935
4102	0	0	9.75477
4103	0	0	9.7602
4104	0	0	9.76562
4105	0	0	9.77105
4106	0	0	9.77647
4107	0	0	9.7819
4108	0	0	9.78732
4109	0	0	9.79275
4110	0	0	9.79818
4111	0	0	9.8036
4112	0	0	9.80903
4113	0	0	9.81445
4114	0	0	9.81988
4115	0	0	9.8253
4116	0	0	9.83073
4117	0	0	9.83615
4118	0	0	9.84158
4119	0	0	9.847
4120	0	0	9.85243
4121	0	0	9.85785
4122	0	0	9.86328
4123	0	0	9.86871
4124	0	0	9.87413
4125	0	0	9.87956
4126	0	0	9.88498
4127	0	0	9.89041
4128	0	0	9.89583
4129	0	0	9.90126
4130	0	0	9.90668
4131	0	0	9.91211
4132	0	0	9.91753
4133	0	0	9.92296
4134	0	0	9.92838
4135	0	0	9.93381
4136	0	0	9.93924
4137	0	0	9.94466
4138	0	0	9.95009
4139	0	0	9.95551
4140	0	0	9.96094
4141	0	0	9.96636
4142	0	0	9.97179
4143	0	0	9.97721
4144	0	0	9.98264
4145	0	0	9.98806
4146	0	0	9.99349
4147	0	0	9.99891
4148	0	0	10.0043
4149	0	0	10.0098
4150	0	0	10.0152
4151	0	0	10.0206
4152	0	0	10.026
4153	0	0	10.0315
4154	0	0	10.0369
4155	0	0	10.0423
4156	0	0	10.0477
4157	0	0	10.0532
4158	0	0	10.0586
4159	0	0	10.064
4160	0	0	10.0694
4161	0	0	10.0749
4162	0	0	10.0803
4163	0	0	10.0857
4164	0	0	10.0911
4165	0	0	10.0966
4166	0	0	10.102
4167	0	0	10.1074
4168	0	0	10.1128
4169	0	0	10.1183
4170	0	0	10.1237
4171	0	0	10.1291
4172	0	0	10.1345
4173	0	0	10.14
4174	0	0	10.1454
4175	0	0	10.1508
4176	0	0	10.1562
4177	0	0	10.1617
4178	0	0	10.1671
4179	0	0	10.1725
4180	0	0	10.1779
4181	0	0	10.1834
4182	0	0	10.1888
4183	0	0	10.1942
4184	0	0	10.1997
4185	0	0	10.2051
4186	0	0	10.2105
4187	0	0	10.2159
4188	0	0	10.2214
4189	0	0	10.2268
4190	0	0	10.2322
4191	0	0	10.2376
4192	0	0	10.2431
4193	0	0	10.2485
4194	0	0	10.2539
4195	0	0	10.2593
4196	0	0	10.2648
4197	0	0	10.2702
4198	0	0	10.2756
4199	0	0	10.281
4200	0	0	10.2865
4201	0	0	10.2919
4202	0	0	10.2973
4203	0	0	10.3027
4204	0	0	10.3082
4205	0	0	10.3136
4206	0	0	10.319
4207	0	0	10.3244
4208	0	0	10.3299
4209	0	0	10.3353
4210	0	0	10.3407
4211	0	0	10.3461
4212	0	0	10.3516
4213	0	0	10.357
4214	0	0	10.3624
4215	0	0	10.3678
4216	0	0	10.3733
4217	0	0	10.3787
4218	0	0	10.3841
4219	0	0	10.3895
4220	0	0	10.395
4221	0	0	10.4004
4222	0	0	10.4058
4223	0	0	10.4112
4224	0	0	10.4167
4225	0	0	10.4221
4226	0	0	10.4275
4227	0	0	10.4329
4228	0	0	10.4384
4229	0	0	10.4438
4230	0	0	10.4492
4231	0	0	10.4546
4232	0	0	10.4601
4233	0	0	10.4655
4234	0	0	10.4709
4235	0	0	10.4763
4236	0	0	10.4818
4237	0	0	10.4872
4238	0	0	10.4926
4239	0	0	10.498
4240	0	0	10.5035
4241	0	0	10.5089
4242	0	0	10.5143
4243	0	0	10.5197
4244	0	0	10.5252
4245	0	0	10.5306
4246	0	0	10.536
4247	0	0	10.5414
4248	0	0	10.5469
4249	0	0	10.5523
4250	0	0	10.5577
4251	0	0	10.5632
4252	0	0	10.5686
4253	0	0	10.574
4254	0	0	10.5794
4255	0	0	10.5849
4256	0	0	10.5903
4257	0	0	10.5957
4258	0	0	10.6011
4259	0	0	10.6066
4260	0	0	10.612
4261	0	0	10.6174
4262	0	0	10.6228
4263	0	0	10.6283
4264	0	0	10.6337
4265	0	0	10.6391
4266	0	0	10.6445
4267	0	0	10.65
4268	0	0	10.6554
4269	0	0	10.6608
4270	0	0	10.6662
4271	0	0	10.6717
4272	0	0	10.6771
4273	0	0	10.6825
4274	0	0	10.6879
4275	0	0	10.6934
4276	0	0	10.6988
4277	0	0	10.7042
4278	0	0	10.7096
4279	0	0	10.7151
4280	0	0	10.7205
4281	0	0	10.7259
4282	0	0	10.7313
4283	0	0	10.7368
4284	0	0	10.7422
4285	0	0	10.7476
4286	0	0	10.753
4287	0	0	10.7585
4288	0	0	10.7639
4289	0	0	10.7693
4290	0	0	10.7747
4291	0	0	10.7802
4292	0	0	10.7856
4293	0	0	10.791
4294	0	0	10.7964
4295	0	0	10.8019
4296	0	0	10.8073
4297	0	0	10.8127
4298	0	0	10.8181
4299	0	0	10.8236
4300	0	0	10.829
4301	0	0	10.8344
4302	0	0	10.8398
4303	0	0	10.8453
4304	0	0	10.8507
4305	0	0	10.8561
4306	0	0	10.8615
4307	0	0	10.867
4308	0	0	10.8724
4309	0	0	10.8778
4310	0	0	10.8832
4311	0	0	10.8887
4312	0	0	10.8941
4313	0	0	10.8995
4314	0	0	10.9049
4315	0	0	10.9104
4316	0	0	10.9158
4317	0	0	10.9212
4318	0	0	10.9266
4319	0	0	10.9321
4320	0	0	10.9375
4321	0	0	10.9429
4322	0	0	10.9483
4323	0	0	10.9538
4324	0	0	10.9592
4325	0	0	10.9646
4326	0	0	10.9701
4327	0	0	10.9755
4328	0	0	10.9809
4329	0	0	10.9863
4330	0	0	10.9918
4331	0	0	10.9972
4332	0	0	11.0026
4333	0	0	11.008
4334	0	0	11.0135
4335	0	0	11.0189
4336	0	0	11.0243
4337	0	0	11.0297
4338	0	0	11.0352
4339	0	0	11.0406
4340	0	0	11.046
4341	0	0	11.0514
4342	0	0	11.0569
4343	0	0	11.0623
4344	0	0	11.0677
4345	0	0	11.0731
4346	0	0	11.0786
4347	0	0	11.084
4348	0	0	11.0894
4349	0	0	11.0948
4350	0	0	11.1003
4351	0	0	11.1057
4352	0	0	11.1111
4353	0	0	11.1165
4354	0	0	11.122
4355	0	0	11.1274
4356	0	0	11.1328
4357	0	0	11.1382
4358	0	0	11.1437
4359	0	0	11.1491
4360	0	0	11.1545
4361	0	0	11.1599
4362	0	0	11.1654
4363	0	0	11.1708
4364	0	0	11.1762
4365	0	0	11.1816
4366	0	0	11.1871
4367	0	0	11.1925
4368	0	0	11.1979
4369	0	0	11.2033
4370	0	0	11.2088
4371	0	0	11.2142
4372	0	0	11.2196
4373	0	0	11.225
4374	0	0	11.2305
4375	0	0	11.2359
4376	0	0	11.2413
4377	0	0	11.2467
4378	0	0	11.2522
4379	0	0	11.2576
4380	0	0	11.263
4381	0	0	11.2684
4382	0	0	11.2739
4383	0	0	11.2793
4384	0	0	11.2847
4385	0	0	11.2901
4386	0	0	11.2956
4387	0	0	11.301
4388	0	0	11.3064
4389	0	0	11.3118
4390	0	0	11.3173
4391	0	0	11.3227
4392	0	0	11.3281
4393	0	0	11.3335
4394	0	0	11.339
4395	0	0	11.3444
4396	0	0	11.3498
4397	0	0	11.3553
4398	0	0	11.3607
4399	0	0	11.3661
4400	0	0	11.3715
4401	0	0	11.377
4402	0	0	11.3824
4403	0	0	11.3878
4404	0	0	11.3932
4405	0	0	11.3987
4406	0	0	11.4041
4407	0	0	11.4095
4408	0	0	11.4149
4409	0	0	11.4204
4410	0	0	11.4258
4411	0	0	11.4312
4412	0	0	11.4366
4413	0	0	11.4421
4414	0	0	11.4475
4415	0	0	11.4529
4416	0	0	11.4583
4417	0	0	11.4638
4418	0	0	11.4692
4419	0	0	11.4746
4420	0	0	11.48
4421	0	0	11.4855
4422	0	0	11.4909
4423	0	0	11.4963
4424	0	0	11.5017
4425	0	0	11.5072
4426	0	0	11.5126
4427	0	0	11.518
4428	0	0	11.5234
4429	0	0	11.5289
4430	0	0	11.5343
4431	0	0	11.5397
4432	0	0	11.5451
4433	0	0	11.5506
4434	0	0	11.556
4435	0	0	11.5614
4436	0	0	11.5668
4437	0	0	11.5723
4438	0	0	11.5777
4439	0	0	11.5831
4440	0	0	11.5885
4441	0	0	11.594
4442	0	0	11.5994
4443	0	0	11.6048
4444	0	0	11.6102
4445	0	0	11.6157
4446	0	0	11.6211
4447	0	0	11.6265
4448	0	0	11.6319
4449	0	0	11.6374
4450	0	0	11.6428
4451	0	0	11.6482
4452	0	0	11.6536
4453	0	0	11.6591
4454	0	0	11.6645
4455	0	0	11.6699
4456	0	0	11.6753
4457	0	0	11.6808
4458	0	0	11.6862
4459	0	0	11.6916
4460	0	0	11.697
4461	0	0	11.7025
4462	0	0	11.7079
4463	0	0	11.7133
4464	0	0	11.7188
4465	0	0	11.7242
4466	0	0	11.7296
4467	0	0	11.735
4468	0	0	11.7404
4469	0	0	11.7459
4470	0	0	11.7513
4471	0	0	11.7567
4472	0	0	11.7622
4473	0	0	11.7676
4474	0	0	11.773
4475	0	0	11.7784
4476	0	0	11.7839
4477	0	0	11.7893
4478	0	0	11.7947
4479	0	0	11.8001
4480	0	0	11.8056
4481	0	0	11.811
4482	0	0	11.8164
4483	0	0	11.8218
4484	0	0	11.8273
4485	0	0	11.8327
4486	0	0	11.8381
4487	0	0	11.8435
4488	0	0	11.849
4489	0	0	11.8544
4490	0	0	11.8598
4491	0	0	11.8652
4492	0	0	11.8707
4493	0	0	11.8761
4494	0	0	11.8815
4495	0	0	11.8869
4496	0	0	11.8924
4497	0	0	11.8978
4498	0	0	11.9032
4499	0	0	11.9086
4500	0	0	11.9141
4501	0	0	11.9195
4502	0	0	11.9249
4503	0	0	11.9303
4504	0	0	11.9358
4505	0	0	11.9412
4506	0	0	11.9466
4507	0	0	11.952
4508	0	0	11.9575
4509	0	0	11.9629
4510	0	0	11.9683
4511	0	0	11.9737
4512	0	0	11.9792
4513	0	0	11.9846
4514	0	0	11.99
4515	0	0	11.9954
4516	0	0	12.0009
4517	0	0	12.0063
4518	0	0	12.0117
4519	0	0	12.0171
4520	0	0	12.0226
4521	0	0	12.028
4522	0	0	12.0334
4523	0	0	12.0388
4524	0	0	12.0443
4525	0	0	12.0497
4526	0	0	12.0551
4527	0	0	12.0605
4528	0	0	12.066
4529	0	0	12.0714
4530	0	0	12.0768
4531	0	0	12.0822
4532	0	0	12.0877
4533	0	0	12.0931
4534	0	0	12.0985
4535	0	0	12.1039
4536	0	0	12.1094
4537	0	0	12.1148
4538	0	0	12.1202
4539	0	0	12.1257
4540	0	0	12.1311
4541	0	0	12.1365
4542	0	0	12.1419
4543	0	0	12.1474
4544	0	0	12.1528
4545	0	0	12.1582
4546	0	0	12.1636
4547	0	0	12.1691
4548	0	0	12.1745
4549	0	0	12.1799
4550	0	0	12.1853
4551	0	0	12.1908
4552	0	0	12.1962
4553	0	0	12.2016
4554	0	0	12.207
4555	0	0	12.2125
4556	0	0	12.2179
4557	0	0	12.2233
4558	0	0	12.2287
4559	0	0	12.2342
4560	0	0	12.2396
4561	0	0	12.245
4562	0	0	12.2504
4563	0	0	12.2559
4564	0	0	12.2613
4565	0	0	12.2667
4566	0	0	12.2721
4567	0	0	12.2776
4568	0	0	12.283
4569	0	0	12.2884
4570	0	0	12.2938
4571	0	0	12.2993
4572	0	0	12.3047
4573	0	0	12.3101
4574	0	0	12.3155
4575	0	0	12.321
4576	0	0	12.3264
4577	0	0	12.3318
4578	0	0	12.3372
4579	0	0	12.3427
4580	0	0	12.3481
4581	0	0	12.3535
4582	0	0	12.3589
4583	0	0	12.3644
4584	0	0	12.3698
4585	0	0	12.3752
4586	0	0	12.3806
4587	0	0	12.3861
4588	0	0	12.3915
4589	0	0	12.3969
4590	0	0	12.4023
4591	0	0	12.4078
4592	0	0	12.4132
4593	0	0	12.4186
4594	0	0	12.424
4595	0	0	12.4295
4596	0	0	12.4349
4597	0	0	12.4403
4598	0	0	12.4457
4599	0	0	12.4512
4600	0	0	12.4566
4601	0	0	12.462
4602	0	0	12.4674
4603	0	0	12.4729
4604	0	0	12.4783
4605	0	0	12.4837
4606	0	0	12.4891
4607	0	0	12.4946
