
 Number of wires and basis functions: 1	767
 Drucik nr 1
1	0	0	-12.4674
2	0	0	-12.4349
3	0	0	-12.4023
4	0	0	-12.3698
5	0	0	-12.3372
6	0	0	-12.3047
7	0	0	-12.2721
8	0	0	-12.2396
9	0	0	-12.207
10	0	0	-12.1745
11	0	0	-12.1419
12	0	0	-12.1094
13	0	0	-12.0768
14	0	0	-12.0443
15	0	0	-12.0117
16	0	0	-11.9792
17	0	0	-11.9466
18	0	0	-11.9141
19	0	0	-11.8815
20	0	0	-11.849
21	0	0	-11.8164
22	0	0	-11.7839
23	0	0	-11.7513
24	0	0	-11.7188
25	0	0	-11.6862
26	0	0	-11.6536
27	0	0	-11.6211
28	0	0	-11.5885
29	0	0	-11.556
30	0	0	-11.5234
31	0	0	-11.4909
32	0	0	-11.4583
33	0	0	-11.4258
34	0	0	-11.3932
35	0	0	-11.3607
36	0	0	-11.3281
37	0	0	-11.2956
38	0	0	-11.263
39	0	0	-11.2305
40	0	0	-11.1979
41	0	0	-11.1654
42	0	0	-11.1328
43	0	0	-11.1003
44	0	0	-11.0677
45	0	0	-11.0352
46	0	0	-11.0026
47	0	0	-10.9701
48	0	0	-10.9375
49	0	0	-10.9049
50	0	0	-10.8724
51	0	0	-10.8398
52	0	0	-10.8073
53	0	0	-10.7747
54	0	0	-10.7422
55	0	0	-10.7096
56	0	0	-10.6771
57	0	0	-10.6445
58	0	0	-10.612
59	0	0	-10.5794
60	0	0	-10.5469
61	0	0	-10.5143
62	0	0	-10.4818
63	0	0	-10.4492
64	0	0	-10.4167
65	0	0	-10.3841
66	0	0	-10.3516
67	0	0	-10.319
68	0	0	-10.2865
69	0	0	-10.2539
70	0	0	-10.2214
71	0	0	-10.1888
72	0	0	-10.1562
73	0	0	-10.1237
74	0	0	-10.0911
75	0	0	-10.0586
76	0	0	-10.026
77	0	0	-9.99349
78	0	0	-9.96094
79	0	0	-9.92839
80	0	0	-9.89583
81	0	0	-9.86328
82	0	0	-9.83073
83	0	0	-9.79818
84	0	0	-9.76562
85	0	0	-9.73307
86	0	0	-9.70052
87	0	0	-9.66797
88	0	0	-9.63542
89	0	0	-9.60287
90	0	0	-9.57031
91	0	0	-9.53776
92	0	0	-9.50521
93	0	0	-9.47266
94	0	0	-9.4401
95	0	0	-9.40755
96	0	0	-9.375
97	0	0	-9.34245
98	0	0	-9.3099
99	0	0	-9.27734
100	0	0	-9.24479
101	0	0	-9.21224
102	0	0	-9.17969
103	0	0	-9.14714
104	0	0	-9.11458
105	0	0	-9.08203
106	0	0	-9.04948
107	0	0	-9.01693
108	0	0	-8.98438
109	0	0	-8.95182
110	0	0	-8.91927
111	0	0	-8.88672
112	0	0	-8.85417
113	0	0	-8.82162
114	0	0	-8.78906
115	0	0	-8.75651
116	0	0	-8.72396
117	0	0	-8.69141
118	0	0	-8.65885
119	0	0	-8.6263
120	0	0	-8.59375
121	0	0	-8.5612
122	0	0	-8.52865
123	0	0	-8.49609
124	0	0	-8.46354
125	0	0	-8.43099
126	0	0	-8.39844
127	0	0	-8.36589
128	0	0	-8.33333
129	0	0	-8.30078
130	0	0	-8.26823
131	0	0	-8.23568
132	0	0	-8.20312
133	0	0	-8.17057
134	0	0	-8.13802
135	0	0	-8.10547
136	0	0	-8.07292
137	0	0	-8.04037
138	0	0	-8.00781
139	0	0	-7.97526
140	0	0	-7.94271
141	0	0	-7.91016
142	0	0	-7.8776
143	0	0	-7.84505
144	0	0	-7.8125
145	0	0	-7.77995
146	0	0	-7.7474
147	0	0	-7.71484
148	0	0	-7.68229
149	0	0	-7.64974
150	0	0	-7.61719
151	0	0	-7.58464
152	0	0	-7.55208
153	0	0	-7.51953
154	0	0	-7.48698
155	0	0	-7.45443
156	0	0	-7.42188
157	0	0	-7.38932
158	0	0	-7.35677
159	0	0	-7.32422
160	0	0	-7.29167
161	0	0	-7.25911
162	0	0	-7.22656
163	0	0	-7.19401
164	0	0	-7.16146
165	0	0	-7.12891
166	0	0	-7.09635
167	0	0	-7.0638
168	0	0	-7.03125
169	0	0	-6.9987
170	0	0	-6.96615
171	0	0	-6.93359
172	0	0	-6.90104
173	0	0	-6.86849
174	0	0	-6.83594
175	0	0	-6.80339
176	0	0	-6.77083
177	0	0	-6.73828
178	0	0	-6.70573
179	0	0	-6.67318
180	0	0	-6.64062
181	0	0	-6.60807
182	0	0	-6.57552
183	0	0	-6.54297
184	0	0	-6.51042
185	0	0	-6.47786
186	0	0	-6.44531
187	0	0	-6.41276
188	0	0	-6.38021
189	0	0	-6.34766
190	0	0	-6.3151
191	0	0	-6.28255
192	0	0	-6.25
193	0	0	-6.21745
194	0	0	-6.1849
195	0	0	-6.15234
196	0	0	-6.11979
197	0	0	-6.08724
198	0	0	-6.05469
199	0	0	-6.02214
200	0	0	-5.98958
201	0	0	-5.95703
202	0	0	-5.92448
203	0	0	-5.89193
204	0	0	-5.85938
205	0	0	-5.82682
206	0	0	-5.79427
207	0	0	-5.76172
208	0	0	-5.72917
209	0	0	-5.69661
210	0	0	-5.66406
211	0	0	-5.63151
212	0	0	-5.59896
213	0	0	-5.56641
214	0	0	-5.53385
215	0	0	-5.5013
216	0	0	-5.46875
217	0	0	-5.4362
218	0	0	-5.40365
219	0	0	-5.37109
220	0	0	-5.33854
221	0	0	-5.30599
222	0	0	-5.27344
223	0	0	-5.24089
224	0	0	-5.20833
225	0	0	-5.17578
226	0	0	-5.14323
227	0	0	-5.11068
228	0	0	-5.07813
229	0	0	-5.04557
230	0	0	-5.01302
231	0	0	-4.98047
232	0	0	-4.94792
233	0	0	-4.91536
234	0	0	-4.88281
235	0	0	-4.85026
236	0	0	-4.81771
237	0	0	-4.78516
238	0	0	-4.7526
239	0	0	-4.72005
240	0	0	-4.6875
241	0	0	-4.65495
242	0	0	-4.6224
243	0	0	-4.58984
244	0	0	-4.55729
245	0	0	-4.52474
246	0	0	-4.49219
247	0	0	-4.45964
248	0	0	-4.42708
249	0	0	-4.39453
250	0	0	-4.36198
251	0	0	-4.32943
252	0	0	-4.29688
253	0	0	-4.26432
254	0	0	-4.23177
255	0	0	-4.19922
256	0	0	-4.16667
257	0	0	-4.13412
258	0	0	-4.10156
259	0	0	-4.06901
260	0	0	-4.03646
261	0	0	-4.00391
262	0	0	-3.97135
263	0	0	-3.9388
264	0	0	-3.90625
265	0	0	-3.8737
266	0	0	-3.84115
267	0	0	-3.80859
268	0	0	-3.77604
269	0	0	-3.74349
270	0	0	-3.71094
271	0	0	-3.67839
272	0	0	-3.64583
273	0	0	-3.61328
274	0	0	-3.58073
275	0	0	-3.54818
276	0	0	-3.51562
277	0	0	-3.48307
278	0	0	-3.45052
279	0	0	-3.41797
280	0	0	-3.38542
281	0	0	-3.35287
282	0	0	-3.32031
283	0	0	-3.28776
284	0	0	-3.25521
285	0	0	-3.22266
286	0	0	-3.1901
287	0	0	-3.15755
288	0	0	-3.125
289	0	0	-3.09245
290	0	0	-3.0599
291	0	0	-3.02734
292	0	0	-2.99479
293	0	0	-2.96224
294	0	0	-2.92969
295	0	0	-2.89714
296	0	0	-2.86458
297	0	0	-2.83203
298	0	0	-2.79948
299	0	0	-2.76693
300	0	0	-2.73438
301	0	0	-2.70182
302	0	0	-2.66927
303	0	0	-2.63672
304	0	0	-2.60417
305	0	0	-2.57162
306	0	0	-2.53906
307	0	0	-2.50651
308	0	0	-2.47396
309	0	0	-2.44141
310	0	0	-2.40885
311	0	0	-2.3763
312	0	0	-2.34375
313	0	0	-2.3112
314	0	0	-2.27865
315	0	0	-2.24609
316	0	0	-2.21354
317	0	0	-2.18099
318	0	0	-2.14844
319	0	0	-2.11589
320	0	0	-2.08333
321	0	0	-2.05078
322	0	0	-2.01823
323	0	0	-1.98568
324	0	0	-1.95312
325	0	0	-1.92057
326	0	0	-1.88802
327	0	0	-1.85547
328	0	0	-1.82292
329	0	0	-1.79037
330	0	0	-1.75781
331	0	0	-1.72526
332	0	0	-1.69271
333	0	0	-1.66016
334	0	0	-1.6276
335	0	0	-1.59505
336	0	0	-1.5625
337	0	0	-1.52995
338	0	0	-1.4974
339	0	0	-1.46484
340	0	0	-1.43229
341	0	0	-1.39974
342	0	0	-1.36719
343	0	0	-1.33464
344	0	0	-1.30208
345	0	0	-1.26953
346	0	0	-1.23698
347	0	0	-1.20443
348	0	0	-1.17188
349	0	0	-1.13932
350	0	0	-1.10677
351	0	0	-1.07422
352	0	0	-1.04167
353	0	0	-1.00912
354	0	0	-0.976562
355	0	0	-0.944011
356	0	0	-0.911459
357	0	0	-0.878906
358	0	0	-0.846354
359	0	0	-0.813803
360	0	0	-0.78125
361	0	0	-0.748698
362	0	0	-0.716146
363	0	0	-0.683594
364	0	0	-0.651042
365	0	0	-0.61849
366	0	0	-0.585938
367	0	0	-0.553386
368	0	0	-0.520834
369	0	0	-0.488281
370	0	0	-0.455729
371	0	0	-0.423178
372	0	0	-0.390625
373	0	0	-0.358073
374	0	0	-0.325521
375	0	0	-0.292969
376	0	0	-0.260417
377	0	0	-0.227865
378	0	0	-0.195312
379	0	0	-0.162761
380	0	0	-0.130209
381	0	0	-0.0976562
382	0	0	-0.0651045
383	0	0	-0.0325527
384	0	0	0
385	0	0	0.0325518
386	0	0	0.0651035
387	0	0	0.0976553
388	0	0	0.130208
389	0	0	0.16276
390	0	0	0.195312
391	0	0	0.227864
392	0	0	0.260416
393	0	0	0.292968
394	0	0	0.325521
395	0	0	0.358072
396	0	0	0.390624
397	0	0	0.423177
398	0	0	0.455729
399	0	0	0.48828
400	0	0	0.520833
401	0	0	0.553385
402	0	0	0.585937
403	0	0	0.618489
404	0	0	0.651041
405	0	0	0.683593
406	0	0	0.716146
407	0	0	0.748697
408	0	0	0.781249
409	0	0	0.813802
410	0	0	0.846354
411	0	0	0.878905
412	0	0	0.911458
413	0	0	0.94401
414	0	0	0.976562
415	0	0	1.00911
416	0	0	1.04167
417	0	0	1.07422
418	0	0	1.10677
419	0	0	1.13932
420	0	0	1.17187
421	0	0	1.20443
422	0	0	1.23698
423	0	0	1.26953
424	0	0	1.30208
425	0	0	1.33463
426	0	0	1.36719
427	0	0	1.39974
428	0	0	1.43229
429	0	0	1.46484
430	0	0	1.4974
431	0	0	1.52995
432	0	0	1.5625
433	0	0	1.59505
434	0	0	1.6276
435	0	0	1.66016
436	0	0	1.69271
437	0	0	1.72526
438	0	0	1.75781
439	0	0	1.79036
440	0	0	1.82292
441	0	0	1.85547
442	0	0	1.88802
443	0	0	1.92057
444	0	0	1.95312
445	0	0	1.98568
446	0	0	2.01823
447	0	0	2.05078
448	0	0	2.08333
449	0	0	2.11588
450	0	0	2.14844
451	0	0	2.18099
452	0	0	2.21354
453	0	0	2.24609
454	0	0	2.27865
455	0	0	2.3112
456	0	0	2.34375
457	0	0	2.3763
458	0	0	2.40885
459	0	0	2.44141
460	0	0	2.47396
461	0	0	2.50651
462	0	0	2.53906
463	0	0	2.57161
464	0	0	2.60417
465	0	0	2.63672
466	0	0	2.66927
467	0	0	2.70182
468	0	0	2.73437
469	0	0	2.76693
470	0	0	2.79948
471	0	0	2.83203
472	0	0	2.86458
473	0	0	2.89713
474	0	0	2.92969
475	0	0	2.96224
476	0	0	2.99479
477	0	0	3.02734
478	0	0	3.0599
479	0	0	3.09245
480	0	0	3.125
481	0	0	3.15755
482	0	0	3.1901
483	0	0	3.22266
484	0	0	3.25521
485	0	0	3.28776
486	0	0	3.32031
487	0	0	3.35286
488	0	0	3.38542
489	0	0	3.41797
490	0	0	3.45052
491	0	0	3.48307
492	0	0	3.51562
493	0	0	3.54818
494	0	0	3.58073
495	0	0	3.61328
496	0	0	3.64583
497	0	0	3.67838
498	0	0	3.71094
499	0	0	3.74349
500	0	0	3.77604
501	0	0	3.80859
502	0	0	3.84114
503	0	0	3.8737
504	0	0	3.90625
505	0	0	3.9388
506	0	0	3.97135
507	0	0	4.00391
508	0	0	4.03646
509	0	0	4.06901
510	0	0	4.10156
511	0	0	4.13411
512	0	0	4.16667
513	0	0	4.19922
514	0	0	4.23177
515	0	0	4.26432
516	0	0	4.29688
517	0	0	4.32943
518	0	0	4.36198
519	0	0	4.39453
520	0	0	4.42708
521	0	0	4.45963
522	0	0	4.49219
523	0	0	4.52474
524	0	0	4.55729
525	0	0	4.58984
526	0	0	4.62239
527	0	0	4.65495
528	0	0	4.6875
529	0	0	4.72005
530	0	0	4.7526
531	0	0	4.78516
532	0	0	4.81771
533	0	0	4.85026
534	0	0	4.88281
535	0	0	4.91536
536	0	0	4.94792
537	0	0	4.98047
538	0	0	5.01302
539	0	0	5.04557
540	0	0	5.07812
541	0	0	5.11068
542	0	0	5.14323
543	0	0	5.17578
544	0	0	5.20833
545	0	0	5.24088
546	0	0	5.27344
547	0	0	5.30599
548	0	0	5.33854
549	0	0	5.37109
550	0	0	5.40364
551	0	0	5.4362
552	0	0	5.46875
553	0	0	5.5013
554	0	0	5.53385
555	0	0	5.56641
556	0	0	5.59896
557	0	0	5.63151
558	0	0	5.66406
559	0	0	5.69661
560	0	0	5.72917
561	0	0	5.76172
562	0	0	5.79427
563	0	0	5.82682
564	0	0	5.85938
565	0	0	5.89193
566	0	0	5.92448
567	0	0	5.95703
568	0	0	5.98958
569	0	0	6.02213
570	0	0	6.05469
571	0	0	6.08724
572	0	0	6.11979
573	0	0	6.15234
574	0	0	6.18489
575	0	0	6.21745
576	0	0	6.25
577	0	0	6.28255
578	0	0	6.3151
579	0	0	6.34766
580	0	0	6.38021
581	0	0	6.41276
582	0	0	6.44531
583	0	0	6.47786
584	0	0	6.51042
585	0	0	6.54297
586	0	0	6.57552
587	0	0	6.60807
588	0	0	6.64062
589	0	0	6.67318
590	0	0	6.70573
591	0	0	6.73828
592	0	0	6.77083
593	0	0	6.80338
594	0	0	6.83594
595	0	0	6.86849
596	0	0	6.90104
597	0	0	6.93359
598	0	0	6.96614
599	0	0	6.9987
600	0	0	7.03125
601	0	0	7.0638
602	0	0	7.09635
603	0	0	7.12891
604	0	0	7.16146
605	0	0	7.19401
606	0	0	7.22656
607	0	0	7.25911
608	0	0	7.29167
609	0	0	7.32422
610	0	0	7.35677
611	0	0	7.38932
612	0	0	7.42188
613	0	0	7.45443
614	0	0	7.48698
615	0	0	7.51953
616	0	0	7.55208
617	0	0	7.58463
618	0	0	7.61719
619	0	0	7.64974
620	0	0	7.68229
621	0	0	7.71484
622	0	0	7.74739
623	0	0	7.77995
624	0	0	7.8125
625	0	0	7.84505
626	0	0	7.8776
627	0	0	7.91016
628	0	0	7.94271
629	0	0	7.97526
630	0	0	8.00781
631	0	0	8.04036
632	0	0	8.07292
633	0	0	8.10547
634	0	0	8.13802
635	0	0	8.17057
636	0	0	8.20312
637	0	0	8.23568
638	0	0	8.26823
639	0	0	8.30078
640	0	0	8.33333
641	0	0	8.36588
642	0	0	8.39844
643	0	0	8.43099
644	0	0	8.46354
645	0	0	8.49609
646	0	0	8.52864
647	0	0	8.5612
648	0	0	8.59375
649	0	0	8.6263
650	0	0	8.65885
651	0	0	8.69141
652	0	0	8.72396
653	0	0	8.75651
654	0	0	8.78906
655	0	0	8.82161
656	0	0	8.85417
657	0	0	8.88672
658	0	0	8.91927
659	0	0	8.95182
660	0	0	8.98438
661	0	0	9.01693
662	0	0	9.04948
663	0	0	9.08203
664	0	0	9.11458
665	0	0	9.14713
666	0	0	9.17969
667	0	0	9.21224
668	0	0	9.24479
669	0	0	9.27734
670	0	0	9.30989
671	0	0	9.34245
672	0	0	9.375
673	0	0	9.40755
674	0	0	9.4401
675	0	0	9.47266
676	0	0	9.50521
677	0	0	9.53776
678	0	0	9.57031
679	0	0	9.60286
680	0	0	9.63542
681	0	0	9.66797
682	0	0	9.70052
683	0	0	9.73307
684	0	0	9.76562
685	0	0	9.79818
686	0	0	9.83073
687	0	0	9.86328
688	0	0	9.89583
689	0	0	9.92838
690	0	0	9.96094
691	0	0	9.99349
692	0	0	10.026
693	0	0	10.0586
694	0	0	10.0911
695	0	0	10.1237
696	0	0	10.1562
697	0	0	10.1888
698	0	0	10.2214
699	0	0	10.2539
700	0	0	10.2865
701	0	0	10.319
702	0	0	10.3516
703	0	0	10.3841
704	0	0	10.4167
705	0	0	10.4492
706	0	0	10.4818
707	0	0	10.5143
708	0	0	10.5469
709	0	0	10.5794
710	0	0	10.612
711	0	0	10.6445
712	0	0	10.6771
713	0	0	10.7096
714	0	0	10.7422
715	0	0	10.7747
716	0	0	10.8073
717	0	0	10.8398
718	0	0	10.8724
719	0	0	10.9049
720	0	0	10.9375
721	0	0	10.9701
722	0	0	11.0026
723	0	0	11.0352
724	0	0	11.0677
725	0	0	11.1003
726	0	0	11.1328
727	0	0	11.1654
728	0	0	11.1979
729	0	0	11.2305
730	0	0	11.263
731	0	0	11.2956
732	0	0	11.3281
733	0	0	11.3607
734	0	0	11.3932
735	0	0	11.4258
736	0	0	11.4583
737	0	0	11.4909
738	0	0	11.5234
739	0	0	11.556
740	0	0	11.5885
741	0	0	11.6211
742	0	0	11.6536
743	0	0	11.6862
744	0	0	11.7188
745	0	0	11.7513
746	0	0	11.7839
747	0	0	11.8164
748	0	0	11.849
749	0	0	11.8815
750	0	0	11.9141
751	0	0	11.9466
752	0	0	11.9792
753	0	0	12.0117
754	0	0	12.0443
755	0	0	12.0768
756	0	0	12.1094
757	0	0	12.1419
758	0	0	12.1745
759	0	0	12.207
760	0	0	12.2396
761	0	0	12.2721
762	0	0	12.3047
763	0	0	12.3372
764	0	0	12.3698
765	0	0	12.4023
766	0	0	12.4349
767	0	0	12.4674
